AAdist A 0.000 4.000 4.000 4.000 4.000 4.000 4.000 4.000 4.000 4.000 4.000 4.000 4.000 4.000 4.000 3.000 4.000 4.000 4.000 4.000
AAdist C 4.000 0.000 4.000 4.000 4.000 4.000 4.000 4.000 4.000 4.000 4.000 4.000 4.000 4.000 4.000 4.000 4.000 4.000 4.000 4.000
AAdist D 4.000 4.000 0.000 2.000 4.000 4.000 4.000 4.000 4.000 4.000 4.000 3.000 4.000 4.000 4.000 4.000 4.000 4.000 4.000 4.000
AAdist E 4.000 4.000 2.000 0.000 4.000 4.000 4.000 4.000 3.000 4.000 4.000 4.000 4.000 2.000 4.000 4.000 4.000 4.000 4.000 4.000
AAdist F 4.000 4.000 4.000 4.000 0.000 4.000 4.000 4.000 4.000 4.000 4.000 4.000 4.000 4.000 4.000 4.000 4.000 4.000 3.000 1.000
AAdist G 4.000 4.000 4.000 4.000 4.000 0.000 4.000 4.000 4.000 4.000 4.000 4.000 4.000 4.000 4.000 4.000 4.000 4.000 4.000 4.000
AAdist H 4.000 4.000 4.000 4.000 4.000 4.000 0.000 4.000 4.000 4.000 4.000 3.000 4.000 4.000 4.000 4.000 4.000 4.000 4.000 2.000
AAdist I 4.000 4.000 4.000 4.000 4.000 4.000 4.000 0.000 4.000 2.000 3.000 4.000 4.000 4.000 4.000 4.000 4.000 1.000 4.000 4.000
AAdist K 4.000 4.000 4.000 3.000 4.000 4.000 4.000 4.000 0.000 4.000 4.000 4.000 4.000 3.000 2.000 4.000 4.000 4.000 4.000 4.000
AAdist L 4.000 4.000 4.000 4.000 4.000 4.000 4.000 2.000 4.000 0.000 2.000 4.000 4.000 4.000 4.000 4.000 4.000 3.000 4.000 4.000
AAdist M 4.000 4.000 4.000 4.000 4.000 4.000 4.000 3.000 4.000 2.000 0.000 4.000 4.000 4.000 4.000 4.000 4.000 3.000 4.000 4.000
AAdist N 4.000 4.000 3.000 4.000 4.000 4.000 3.000 4.000 4.000 4.000 4.000 0.000 4.000 4.000 4.000 3.000 4.000 4.000 4.000 4.000
AAdist P 4.000 4.000 4.000 4.000 4.000 4.000 4.000 4.000 4.000 4.000 4.000 4.000 0.000 4.000 4.000 4.000 4.000 4.000 4.000 4.000
AAdist Q 4.000 4.000 4.000 2.000 4.000 4.000 4.000 4.000 3.000 4.000 4.000 4.000 4.000 0.000 3.000 4.000 4.000 4.000 4.000 4.000
AAdist R 4.000 4.000 4.000 4.000 4.000 4.000 4.000 4.000 2.000 4.000 4.000 4.000 4.000 3.000 0.000 4.000 4.000 4.000 4.000 4.000
AAdist S 3.000 4.000 4.000 4.000 4.000 4.000 4.000 4.000 4.000 4.000 4.000 3.000 4.000 4.000 4.000 0.000 3.000 4.000 4.000 4.000
AAdist T 4.000 4.000 4.000 4.000 4.000 4.000 4.000 4.000 4.000 4.000 4.000 4.000 4.000 4.000 4.000 3.000 0.000 4.000 4.000 4.000
AAdist V 4.000 4.000 4.000 4.000 4.000 4.000 4.000 1.000 4.000 3.000 3.000 4.000 4.000 4.000 4.000 4.000 4.000 0.000 4.000 4.000
AAdist W 4.000 4.000 4.000 4.000 3.000 4.000 4.000 4.000 4.000 4.000 4.000 4.000 4.000 4.000 4.000 4.000 4.000 4.000 0.000 2.000
AAdist Y 4.000 4.000 4.000 4.000 1.000 4.000 2.000 4.000 4.000 4.000 4.000 4.000 4.000 4.000 4.000 4.000 4.000 4.000 2.000 0.000
num_VA_genes 18
VAdist TRGV1*01 0.000 79.000 79.000 82.000 82.000 31.000 31.000 51.000 51.000 30.000 30.000 54.000 49.000 51.000 39.000 75.000 76.000 64.000
VAdist TRGV10*01 79.000 0.000 0.000 55.000 55.000 79.000 79.000 76.000 76.000 74.000 74.000 81.000 81.000 81.000 78.000 74.000 72.000 81.000
VAdist TRGV10*02 79.000 0.000 0.000 55.000 55.000 79.000 79.000 76.000 76.000 74.000 74.000 81.000 81.000 81.000 78.000 74.000 72.000 81.000
VAdist TRGV11*01 82.000 55.000 55.000 0.000 0.000 85.000 85.000 81.000 81.000 82.000 82.000 81.000 81.000 81.000 80.000 63.000 63.000 78.000
VAdist TRGV11*02 82.000 55.000 55.000 0.000 0.000 85.000 85.000 81.000 81.000 82.000 82.000 81.000 81.000 81.000 80.000 63.000 63.000 78.000
VAdist TRGV2*01 31.000 79.000 79.000 85.000 85.000 0.000 0.000 55.000 55.000 16.000 16.000 46.000 50.000 48.000 32.000 82.000 83.000 61.000
VAdist TRGV2*02 31.000 79.000 79.000 85.000 85.000 0.000 0.000 55.000 55.000 16.000 16.000 46.000 50.000 48.000 32.000 82.000 83.000 61.000
VAdist TRGV3*01 51.000 76.000 76.000 81.000 81.000 55.000 55.000 0.000 0.000 49.000 49.000 17.000 21.000 19.000 47.000 87.000 87.000 66.000
VAdist TRGV3*02 51.000 76.000 76.000 81.000 81.000 55.000 55.000 0.000 0.000 49.000 49.000 17.000 21.000 19.000 47.000 87.000 87.000 66.000
VAdist TRGV4*01 30.000 74.000 74.000 82.000 82.000 16.000 16.000 49.000 49.000 0.000 0.000 54.000 56.000 54.000 34.000 82.000 83.000 66.000
VAdist TRGV4*02 30.000 74.000 74.000 82.000 82.000 16.000 16.000 49.000 49.000 0.000 0.000 54.000 56.000 54.000 34.000 82.000 83.000 66.000
VAdist TRGV5*01 54.000 81.000 81.000 81.000 81.000 46.000 46.000 17.000 17.000 54.000 54.000 0.000 8.000 6.000 38.000 79.000 79.000 64.000
VAdist TRGV5P*01 49.000 81.000 81.000 81.000 81.000 50.000 50.000 21.000 21.000 56.000 56.000 8.000 0.000 2.000 34.000 79.000 79.000 66.000
VAdist TRGV5P*02 51.000 81.000 81.000 81.000 81.000 48.000 48.000 19.000 19.000 54.000 54.000 6.000 2.000 0.000 32.000 79.000 79.000 66.000
VAdist TRGV8*01 39.000 78.000 78.000 80.000 80.000 32.000 32.000 47.000 47.000 34.000 34.000 38.000 34.000 32.000 0.000 79.000 79.000 57.000
VAdist TRGV9*01 75.000 74.000 74.000 63.000 63.000 82.000 82.000 87.000 87.000 82.000 82.000 79.000 79.000 79.000 79.000 0.000 4.000 75.000
VAdist TRGV9*02 76.000 72.000 72.000 63.000 63.000 83.000 83.000 87.000 87.000 83.000 83.000 79.000 79.000 79.000 79.000 4.000 0.000 75.000
VAdist TRGVA*01 64.000 81.000 81.000 78.000 78.000 61.000 61.000 66.000 66.000 66.000 66.000 64.000 66.000 66.000 57.000 75.000 75.000 0.000
num_VB_genes 109
VBdist TRAV1-1*01 0.000 4.000 16.000 32.000 66.000 67.000 54.000 54.000 55.000 55.000 59.000 50.000 50.000 62.000 62.000 62.000 66.000 66.000 65.000 63.000 65.000 63.000 57.000 62.000 50.000 64.000 59.000 59.000 61.000 61.000 61.000 61.000 62.000 62.000 57.000 64.000 64.000 64.000 64.000 52.000 52.000 69.000 71.000 71.000 71.000 71.000 71.000 73.000 73.000 73.000 58.000 58.000 62.000 70.000 70.000 70.000 70.000 67.000 70.000 70.000 67.000 64.000 64.000 64.000 69.000 69.000 69.000 69.000 69.000 70.000 76.000 63.000 62.000 61.000 73.000 73.000 73.000 73.000 73.000 72.000 65.000 69.000 69.000 65.000 65.000 67.000 67.000 67.000 65.000 65.000 65.000 65.000 65.000 70.000 70.000 66.000 66.000 61.000 64.000 61.000 61.000 61.000 61.000 61.000 74.000 74.000 74.000 71.000 71.000
VBdist TRAV1-1*02 4.000 0.000 16.000 32.000 66.000 67.000 54.000 54.000 55.000 55.000 59.000 50.000 50.000 62.000 62.000 62.000 66.000 66.000 61.000 59.000 61.000 59.000 57.000 62.000 51.000 64.000 60.000 60.000 61.000 61.000 61.000 61.000 62.000 62.000 57.000 64.000 64.000 64.000 64.000 52.000 52.000 69.000 71.000 71.000 71.000 71.000 71.000 73.000 73.000 73.000 59.000 59.000 62.000 70.000 70.000 70.000 70.000 67.000 70.000 70.000 67.000 64.000 64.000 64.000 69.000 69.000 69.000 69.000 69.000 70.000 76.000 63.000 63.000 61.000 73.000 73.000 73.000 73.000 73.000 72.000 65.000 69.000 69.000 65.000 65.000 67.000 67.000 67.000 65.000 65.000 65.000 65.000 65.000 70.000 70.000 66.000 66.000 61.000 64.000 61.000 61.000 61.000 61.000 57.000 74.000 74.000 74.000 71.000 71.000
VBdist TRAV1-2*01 16.000 16.000 0.000 24.000 65.000 66.000 54.000 54.000 55.000 55.000 59.000 50.000 50.000 58.000 58.000 58.000 65.000 65.000 67.000 65.000 67.000 65.000 56.000 54.000 59.000 72.000 64.000 64.000 61.000 61.000 61.000 61.000 62.000 62.000 54.000 63.000 63.000 63.000 63.000 53.000 53.000 60.000 68.000 68.000 68.000 67.000 67.000 66.000 66.000 66.000 58.000 58.000 59.000 69.000 69.000 69.000 69.000 67.000 64.000 64.000 68.000 65.000 65.000 65.000 73.000 73.000 73.000 73.000 73.000 68.000 73.000 63.000 63.000 65.000 73.000 73.000 73.000 73.000 73.000 73.000 62.000 65.000 65.000 67.000 67.000 70.000 70.000 70.000 67.000 67.000 67.000 67.000 67.000 72.000 72.000 65.000 65.000 62.000 64.000 62.000 62.000 62.000 62.000 65.000 75.000 75.000 75.000 70.000 70.000
VBdist TRAV1-2*02 32.000 32.000 24.000 0.000 65.000 76.000 64.000 64.000 63.000 63.000 67.000 60.000 60.000 64.000 64.000 64.000 71.000 71.000 72.000 70.000 72.000 70.000 60.000 62.000 65.000 78.000 60.000 60.000 56.000 56.000 56.000 56.000 72.000 72.000 60.000 70.000 70.000 70.000 70.000 63.000 63.000 65.000 71.000 71.000 71.000 70.000 70.000 69.000 69.000 69.000 67.000 67.000 67.000 74.000 74.000 74.000 74.000 71.000 67.000 67.000 71.000 71.000 71.000 71.000 76.000 76.000 76.000 76.000 76.000 68.000 75.000 55.000 67.000 70.000 74.000 74.000 74.000 74.000 74.000 74.000 56.000 75.000 75.000 74.000 74.000 79.000 79.000 79.000 74.000 74.000 74.000 74.000 74.000 79.000 79.000 73.000 73.000 69.000 66.000 64.000 64.000 64.000 64.000 68.000 80.000 80.000 80.000 72.000 72.000
VBdist TRAV10*01 66.000 66.000 65.000 65.000 0.000 63.000 67.000 67.000 71.000 71.000 71.000 59.000 59.000 64.000 64.000 64.000 64.000 64.000 74.000 72.000 74.000 72.000 70.000 53.000 70.000 76.000 61.000 61.000 59.000 59.000 59.000 59.000 55.000 55.000 56.000 60.000 60.000 60.000 60.000 57.000 57.000 57.000 68.000 68.000 68.000 71.000 71.000 66.000 66.000 66.000 59.000 59.000 71.000 66.000 66.000 65.000 66.000 64.000 68.000 68.000 52.000 55.000 52.000 52.000 74.000 74.000 74.000 74.000 74.000 66.000 68.000 64.000 60.000 63.000 57.000 57.000 57.000 57.000 57.000 61.000 54.000 76.000 76.000 70.000 70.000 80.000 80.000 80.000 71.000 71.000 72.000 71.000 71.000 75.000 72.000 75.000 75.000 75.000 63.000 57.000 57.000 57.000 57.000 71.000 80.000 80.000 80.000 74.000 74.000
VBdist TRAV11*01 67.000 67.000 66.000 76.000 63.000 0.000 62.000 62.000 51.000 51.000 51.000 64.000 64.000 54.000 54.000 54.000 59.000 59.000 66.000 68.000 66.000 68.000 71.000 50.000 67.000 66.000 59.000 59.000 56.000 56.000 56.000 56.000 35.000 35.000 57.000 63.000 63.000 63.000 63.000 61.000 61.000 56.000 74.000 74.000 74.000 73.000 73.000 64.000 64.000 64.000 60.000 60.000 74.000 60.000 60.000 60.000 60.000 55.000 66.000 66.000 55.000 52.000 52.000 52.000 69.000 69.000 69.000 69.000 69.000 67.000 75.000 72.000 64.000 57.000 59.000 59.000 59.000 59.000 59.000 59.000 58.000 60.000 60.000 69.000 69.000 73.000 73.000 73.000 70.000 70.000 74.000 70.000 70.000 70.000 74.000 71.000 71.000 71.000 65.000 65.000 65.000 65.000 65.000 73.000 74.000 74.000 74.000 77.000 77.000
VBdist TRAV12-1*01 54.000 54.000 54.000 64.000 67.000 62.000 0.000 0.000 20.000 20.000 20.000 23.000 23.000 42.000 42.000 42.000 44.000 44.000 61.000 61.000 61.000 61.000 58.000 61.000 59.000 71.000 62.000 62.000 59.000 59.000 59.000 59.000 51.000 51.000 50.000 55.000 55.000 55.000 55.000 61.000 61.000 68.000 67.000 67.000 67.000 68.000 68.000 61.000 61.000 61.000 50.000 50.000 66.000 62.000 62.000 65.000 62.000 69.000 68.000 68.000 62.000 59.000 59.000 59.000 66.000 67.000 66.000 66.000 67.000 66.000 62.000 68.000 55.000 47.000 66.000 66.000 66.000 66.000 66.000 67.000 60.000 68.000 68.000 59.000 59.000 62.000 62.000 62.000 67.000 67.000 70.000 67.000 67.000 72.000 75.000 59.000 59.000 67.000 67.000 68.000 68.000 68.000 68.000 59.000 69.000 69.000 69.000 73.000 73.000
VBdist TRAV12-1*02 54.000 54.000 54.000 64.000 67.000 62.000 0.000 0.000 20.000 20.000 20.000 23.000 23.000 42.000 42.000 42.000 44.000 44.000 61.000 61.000 61.000 61.000 58.000 61.000 59.000 71.000 62.000 62.000 59.000 59.000 59.000 59.000 51.000 51.000 50.000 55.000 55.000 55.000 55.000 61.000 61.000 68.000 67.000 67.000 67.000 68.000 68.000 61.000 61.000 61.000 50.000 50.000 66.000 62.000 62.000 65.000 62.000 69.000 68.000 68.000 62.000 59.000 59.000 59.000 66.000 67.000 66.000 66.000 67.000 66.000 62.000 68.000 55.000 47.000 66.000 66.000 66.000 66.000 66.000 67.000 60.000 68.000 68.000 59.000 59.000 62.000 62.000 62.000 67.000 67.000 70.000 67.000 67.000 72.000 75.000 59.000 59.000 67.000 67.000 68.000 68.000 68.000 68.000 59.000 69.000 69.000 69.000 73.000 73.000
VBdist TRAV12-2*01 55.000 55.000 55.000 63.000 71.000 51.000 20.000 20.000 0.000 0.000 4.000 38.000 38.000 42.000 42.000 42.000 52.000 52.000 66.000 66.000 66.000 66.000 56.000 62.000 57.000 68.000 68.000 68.000 54.000 54.000 54.000 54.000 51.000 51.000 50.000 58.000 58.000 58.000 58.000 64.000 64.000 67.000 70.000 70.000 70.000 71.000 71.000 63.000 63.000 63.000 54.000 54.000 61.000 61.000 61.000 64.000 61.000 66.000 68.000 68.000 58.000 55.000 55.000 55.000 71.000 72.000 71.000 71.000 72.000 67.000 69.000 64.000 54.000 46.000 67.000 67.000 67.000 67.000 67.000 68.000 60.000 62.000 62.000 63.000 63.000 69.000 69.000 69.000 71.000 71.000 74.000 71.000 71.000 71.000 74.000 63.000 63.000 66.000 63.000 62.000 62.000 62.000 62.000 62.000 70.000 70.000 70.000 73.000 73.000
VBdist TRAV12-2*02 55.000 55.000 55.000 63.000 71.000 51.000 20.000 20.000 0.000 0.000 4.000 38.000 38.000 42.000 42.000 42.000 52.000 52.000 66.000 66.000 66.000 66.000 56.000 62.000 57.000 68.000 68.000 68.000 54.000 54.000 54.000 54.000 51.000 51.000 50.000 58.000 58.000 58.000 58.000 64.000 64.000 67.000 70.000 70.000 70.000 71.000 71.000 63.000 63.000 63.000 54.000 54.000 61.000 61.000 61.000 64.000 61.000 66.000 68.000 68.000 58.000 55.000 55.000 55.000 71.000 72.000 71.000 71.000 72.000 67.000 69.000 64.000 54.000 46.000 67.000 67.000 67.000 67.000 67.000 68.000 60.000 62.000 62.000 63.000 63.000 69.000 69.000 69.000 71.000 71.000 74.000 71.000 71.000 71.000 74.000 63.000 63.000 66.000 63.000 62.000 62.000 62.000 62.000 62.000 70.000 70.000 70.000 73.000 73.000
VBdist TRAV12-2*03 59.000 59.000 59.000 67.000 71.000 51.000 20.000 20.000 4.000 4.000 0.000 38.000 38.000 42.000 42.000 42.000 52.000 52.000 66.000 66.000 66.000 66.000 60.000 59.000 57.000 68.000 68.000 68.000 58.000 58.000 58.000 58.000 51.000 51.000 46.000 58.000 58.000 58.000 58.000 64.000 64.000 66.000 70.000 70.000 70.000 71.000 71.000 63.000 63.000 63.000 53.000 53.000 65.000 60.000 60.000 63.000 60.000 65.000 68.000 68.000 58.000 55.000 55.000 55.000 71.000 72.000 71.000 71.000 72.000 67.000 69.000 68.000 51.000 46.000 67.000 67.000 67.000 67.000 67.000 68.000 60.000 66.000 66.000 63.000 63.000 69.000 69.000 69.000 67.000 67.000 70.000 67.000 67.000 71.000 74.000 59.000 59.000 70.000 63.000 66.000 66.000 66.000 66.000 62.000 70.000 70.000 70.000 73.000 73.000
VBdist TRAV12-3*01 50.000 50.000 50.000 60.000 59.000 64.000 23.000 23.000 38.000 38.000 38.000 0.000 0.000 42.000 42.000 42.000 44.000 44.000 63.000 63.000 63.000 63.000 63.000 56.000 54.000 63.000 64.000 64.000 55.000 55.000 55.000 55.000 47.000 47.000 52.000 45.000 45.000 45.000 45.000 62.000 62.000 69.000 60.000 60.000 60.000 61.000 61.000 69.000 69.000 69.000 40.000 40.000 61.000 72.000 72.000 71.000 72.000 69.000 66.000 66.000 58.000 55.000 55.000 55.000 61.000 61.000 61.000 61.000 61.000 63.000 56.000 63.000 57.000 48.000 58.000 58.000 58.000 58.000 58.000 62.000 56.000 65.000 65.000 62.000 62.000 58.000 58.000 58.000 58.000 58.000 61.000 58.000 58.000 67.000 66.000 57.000 57.000 66.000 66.000 67.000 67.000 67.000 67.000 57.000 66.000 66.000 66.000 70.000 70.000
VBdist TRAV12-3*02 50.000 50.000 50.000 60.000 59.000 64.000 23.000 23.000 38.000 38.000 38.000 0.000 0.000 42.000 42.000 42.000 44.000 44.000 63.000 63.000 63.000 63.000 63.000 56.000 54.000 63.000 64.000 64.000 55.000 55.000 55.000 55.000 47.000 47.000 52.000 45.000 45.000 45.000 45.000 62.000 62.000 69.000 60.000 60.000 60.000 61.000 61.000 69.000 69.000 69.000 40.000 40.000 61.000 72.000 72.000 71.000 72.000 69.000 66.000 66.000 58.000 55.000 55.000 55.000 61.000 61.000 61.000 61.000 61.000 63.000 56.000 63.000 57.000 48.000 58.000 58.000 58.000 58.000 58.000 62.000 56.000 65.000 65.000 62.000 62.000 58.000 58.000 58.000 58.000 58.000 61.000 58.000 58.000 67.000 66.000 57.000 57.000 66.000 66.000 67.000 67.000 67.000 67.000 57.000 66.000 66.000 66.000 70.000 70.000
VBdist TRAV13-1*01 62.000 62.000 58.000 64.000 64.000 54.000 42.000 42.000 42.000 42.000 42.000 42.000 42.000 0.000 0.000 0.000 20.000 20.000 64.000 64.000 64.000 64.000 60.000 42.000 56.000 70.000 69.000 69.000 54.000 54.000 54.000 54.000 43.000 43.000 44.000 31.000 31.000 31.000 31.000 57.000 57.000 65.000 69.000 69.000 69.000 67.000 67.000 67.000 67.000 67.000 36.000 36.000 61.000 65.000 65.000 64.000 65.000 65.000 62.000 62.000 59.000 59.000 59.000 59.000 62.000 63.000 62.000 62.000 63.000 56.000 64.000 66.000 52.000 30.000 45.000 45.000 45.000 45.000 45.000 49.000 55.000 70.000 70.000 63.000 63.000 64.000 64.000 64.000 63.000 63.000 66.000 63.000 63.000 71.000 70.000 55.000 55.000 70.000 70.000 70.000 70.000 70.000 70.000 56.000 70.000 70.000 70.000 70.000 70.000
VBdist TRAV13-1*02 62.000 62.000 58.000 64.000 64.000 54.000 42.000 42.000 42.000 42.000 42.000 42.000 42.000 0.000 0.000 0.000 20.000 20.000 64.000 64.000 64.000 64.000 60.000 42.000 56.000 70.000 69.000 69.000 54.000 54.000 54.000 54.000 43.000 43.000 44.000 31.000 31.000 31.000 31.000 57.000 57.000 65.000 69.000 69.000 69.000 67.000 67.000 67.000 67.000 67.000 36.000 36.000 61.000 65.000 65.000 64.000 65.000 65.000 62.000 62.000 59.000 59.000 59.000 59.000 62.000 63.000 62.000 62.000 63.000 56.000 64.000 66.000 52.000 30.000 45.000 45.000 45.000 45.000 45.000 49.000 55.000 70.000 70.000 63.000 63.000 64.000 64.000 64.000 63.000 63.000 66.000 63.000 63.000 71.000 70.000 55.000 55.000 70.000 70.000 70.000 70.000 70.000 70.000 56.000 70.000 70.000 70.000 70.000 70.000
VBdist TRAV13-1*03 62.000 62.000 58.000 64.000 64.000 54.000 42.000 42.000 42.000 42.000 42.000 42.000 42.000 0.000 0.000 0.000 20.000 20.000 64.000 64.000 64.000 64.000 60.000 42.000 56.000 70.000 69.000 69.000 54.000 54.000 54.000 54.000 43.000 43.000 44.000 31.000 31.000 31.000 31.000 57.000 57.000 65.000 69.000 69.000 69.000 67.000 67.000 67.000 67.000 67.000 36.000 36.000 61.000 65.000 65.000 64.000 65.000 65.000 62.000 62.000 59.000 59.000 59.000 59.000 62.000 63.000 62.000 62.000 63.000 56.000 64.000 66.000 52.000 30.000 45.000 45.000 45.000 45.000 45.000 49.000 55.000 70.000 70.000 63.000 63.000 64.000 64.000 64.000 63.000 63.000 66.000 63.000 63.000 71.000 70.000 55.000 55.000 70.000 70.000 70.000 70.000 70.000 70.000 56.000 70.000 70.000 70.000 70.000 70.000
VBdist TRAV13-2*01 66.000 66.000 65.000 71.000 64.000 59.000 44.000 44.000 52.000 52.000 52.000 44.000 44.000 20.000 20.000 20.000 0.000 0.000 64.000 64.000 64.000 64.000 58.000 48.000 58.000 70.000 69.000 69.000 55.000 55.000 55.000 55.000 50.000 50.000 54.000 35.000 35.000 35.000 35.000 55.000 55.000 64.000 66.000 66.000 66.000 64.000 64.000 65.000 65.000 65.000 27.000 27.000 61.000 64.000 64.000 63.000 64.000 66.000 62.000 62.000 62.000 62.000 62.000 62.000 66.000 67.000 66.000 66.000 67.000 57.000 55.000 68.000 54.000 26.000 44.000 44.000 44.000 44.000 44.000 48.000 61.000 70.000 70.000 62.000 62.000 64.000 64.000 64.000 62.000 62.000 65.000 62.000 62.000 71.000 70.000 54.000 54.000 70.000 63.000 63.000 63.000 63.000 63.000 60.000 72.000 72.000 72.000 68.000 68.000
VBdist TRAV13-2*02 66.000 66.000 65.000 71.000 64.000 59.000 44.000 44.000 52.000 52.000 52.000 44.000 44.000 20.000 20.000 20.000 0.000 0.000 64.000 64.000 64.000 64.000 58.000 48.000 58.000 70.000 69.000 69.000 55.000 55.000 55.000 55.000 50.000 50.000 54.000 35.000 35.000 35.000 35.000 55.000 55.000 64.000 66.000 66.000 66.000 64.000 64.000 65.000 65.000 65.000 27.000 27.000 61.000 64.000 64.000 63.000 64.000 66.000 62.000 62.000 62.000 62.000 62.000 62.000 66.000 67.000 66.000 66.000 67.000 57.000 55.000 68.000 54.000 26.000 44.000 44.000 44.000 44.000 44.000 48.000 61.000 70.000 70.000 62.000 62.000 64.000 64.000 64.000 62.000 62.000 65.000 62.000 62.000 71.000 70.000 54.000 54.000 70.000 63.000 63.000 63.000 63.000 63.000 60.000 72.000 72.000 72.000 68.000 68.000
VBdist TRAV14/DV4*01 65.000 61.000 67.000 72.000 74.000 66.000 61.000 61.000 66.000 66.000 66.000 63.000 63.000 64.000 64.000 64.000 64.000 64.000 0.000 6.000 0.000 6.000 68.000 58.000 62.000 36.000 65.000 65.000 62.000 62.000 62.000 62.000 62.000 62.000 74.000 74.000 74.000 74.000 74.000 74.000 74.000 65.000 62.000 62.000 62.000 61.000 61.000 68.000 68.000 68.000 66.000 66.000 64.000 73.000 73.000 72.000 73.000 69.000 73.000 73.000 70.000 74.000 74.000 74.000 28.000 29.000 28.000 28.000 29.000 73.000 71.000 74.000 76.000 64.000 77.000 77.000 77.000 77.000 77.000 81.000 72.000 64.000 64.000 61.000 61.000 66.000 66.000 66.000 65.000 65.000 68.000 65.000 65.000 70.000 73.000 61.000 61.000 65.000 70.000 74.000 74.000 74.000 74.000 42.000 74.000 74.000 74.000 72.000 72.000
VBdist TRAV14/DV4*02 63.000 59.000 65.000 70.000 72.000 68.000 61.000 61.000 66.000 66.000 66.000 63.000 63.000 64.000 64.000 64.000 64.000 64.000 6.000 0.000 6.000 0.000 68.000 56.000 62.000 34.000 65.000 65.000 62.000 62.000 62.000 62.000 64.000 64.000 74.000 74.000 74.000 74.000 74.000 74.000 74.000 65.000 62.000 62.000 62.000 61.000 61.000 68.000 68.000 68.000 66.000 66.000 64.000 73.000 73.000 72.000 73.000 69.000 73.000 73.000 70.000 74.000 74.000 74.000 30.000 31.000 30.000 30.000 31.000 73.000 71.000 74.000 76.000 64.000 75.000 75.000 75.000 75.000 75.000 79.000 72.000 64.000 64.000 61.000 61.000 66.000 66.000 66.000 65.000 65.000 68.000 65.000 65.000 70.000 73.000 61.000 61.000 65.000 70.000 72.000 72.000 72.000 72.000 42.000 74.000 74.000 74.000 72.000 72.000
VBdist TRAV14/DV4*03 65.000 61.000 67.000 72.000 74.000 66.000 61.000 61.000 66.000 66.000 66.000 63.000 63.000 64.000 64.000 64.000 64.000 64.000 0.000 6.000 0.000 6.000 68.000 58.000 62.000 36.000 65.000 65.000 62.000 62.000 62.000 62.000 62.000 62.000 74.000 74.000 74.000 74.000 74.000 74.000 74.000 65.000 62.000 62.000 62.000 61.000 61.000 68.000 68.000 68.000 66.000 66.000 64.000 73.000 73.000 72.000 73.000 69.000 73.000 73.000 70.000 74.000 74.000 74.000 28.000 29.000 28.000 28.000 29.000 73.000 71.000 74.000 76.000 64.000 77.000 77.000 77.000 77.000 77.000 81.000 72.000 64.000 64.000 61.000 61.000 66.000 66.000 66.000 65.000 65.000 68.000 65.000 65.000 70.000 73.000 61.000 61.000 65.000 70.000 74.000 74.000 74.000 74.000 42.000 74.000 74.000 74.000 72.000 72.000
VBdist TRAV14/DV4*04 63.000 59.000 65.000 70.000 72.000 68.000 61.000 61.000 66.000 66.000 66.000 63.000 63.000 64.000 64.000 64.000 64.000 64.000 6.000 0.000 6.000 0.000 68.000 56.000 62.000 34.000 65.000 65.000 62.000 62.000 62.000 62.000 64.000 64.000 74.000 74.000 74.000 74.000 74.000 74.000 74.000 65.000 62.000 62.000 62.000 61.000 61.000 68.000 68.000 68.000 66.000 66.000 64.000 73.000 73.000 72.000 73.000 69.000 73.000 73.000 70.000 74.000 74.000 74.000 30.000 31.000 30.000 30.000 31.000 73.000 71.000 74.000 76.000 64.000 75.000 75.000 75.000 75.000 75.000 79.000 72.000 64.000 64.000 61.000 61.000 66.000 66.000 66.000 65.000 65.000 68.000 65.000 65.000 70.000 73.000 61.000 61.000 65.000 70.000 72.000 72.000 72.000 72.000 42.000 74.000 74.000 74.000 72.000 72.000
VBdist TRAV16*01 57.000 57.000 56.000 60.000 70.000 71.000 58.000 58.000 56.000 56.000 60.000 63.000 63.000 60.000 60.000 60.000 58.000 58.000 68.000 68.000 68.000 68.000 0.000 66.000 53.000 74.000 53.000 53.000 64.000 64.000 64.000 64.000 67.000 67.000 60.000 63.000 63.000 63.000 63.000 64.000 64.000 69.000 63.000 63.000 63.000 60.000 60.000 73.000 73.000 73.000 62.000 62.000 43.000 66.000 66.000 66.000 66.000 72.000 76.000 76.000 62.000 66.000 66.000 66.000 71.000 72.000 71.000 71.000 72.000 71.000 64.000 54.000 58.000 58.000 75.000 75.000 75.000 75.000 75.000 75.000 68.000 60.000 60.000 50.000 50.000 60.000 60.000 60.000 54.000 54.000 54.000 54.000 54.000 54.000 58.000 50.000 50.000 46.000 56.000 53.000 53.000 53.000 53.000 52.000 69.000 69.000 69.000 54.000 54.000
VBdist TRAV17*01 62.000 62.000 54.000 62.000 53.000 50.000 61.000 61.000 62.000 62.000 59.000 56.000 56.000 42.000 42.000 42.000 48.000 48.000 58.000 56.000 58.000 56.000 66.000 0.000 58.000 63.000 60.000 60.000 58.000 58.000 58.000 58.000 40.000 40.000 45.000 52.000 52.000 52.000 52.000 56.000 56.000 47.000 66.000 66.000 66.000 64.000 64.000 58.000 58.000 58.000 51.000 51.000 65.000 58.000 58.000 57.000 58.000 53.000 58.000 58.000 54.000 58.000 58.000 58.000 63.000 63.000 63.000 63.000 63.000 46.000 68.000 65.000 54.000 55.000 41.000 41.000 41.000 41.000 41.000 45.000 55.000 60.000 60.000 61.000 61.000 67.000 67.000 67.000 59.000 59.000 62.000 59.000 59.000 67.000 66.000 58.000 58.000 64.000 65.000 67.000 67.000 67.000 67.000 63.000 71.000 71.000 71.000 67.000 67.000
VBdist TRAV18*01 50.000 51.000 59.000 65.000 70.000 67.000 59.000 59.000 57.000 57.000 57.000 54.000 54.000 56.000 56.000 56.000 58.000 58.000 62.000 62.000 62.000 62.000 53.000 58.000 0.000 58.000 56.000 56.000 62.000 62.000 62.000 62.000 59.000 59.000 62.000 59.000 59.000 59.000 59.000 61.000 61.000 67.000 65.000 65.000 65.000 66.000 66.000 65.000 65.000 65.000 55.000 55.000 55.000 69.000 69.000 69.000 69.000 67.000 65.000 65.000 60.000 64.000 64.000 64.000 62.000 63.000 62.000 62.000 63.000 74.000 65.000 61.000 64.000 53.000 62.000 62.000 62.000 62.000 62.000 61.000 61.000 63.000 63.000 48.000 48.000 62.000 62.000 62.000 53.000 53.000 53.000 53.000 53.000 64.000 61.000 52.000 52.000 57.000 58.000 60.000 60.000 60.000 60.000 53.000 72.000 72.000 72.000 64.000 64.000
VBdist TRAV19*01 64.000 64.000 72.000 78.000 76.000 66.000 71.000 71.000 68.000 68.000 68.000 63.000 63.000 70.000 70.000 70.000 70.000 70.000 36.000 34.000 36.000 34.000 74.000 63.000 58.000 0.000 69.000 69.000 74.000 74.000 74.000 74.000 64.000 64.000 79.000 72.000 72.000 72.000 72.000 78.000 78.000 75.000 67.000 67.000 67.000 62.000 62.000 79.000 79.000 79.000 66.000 66.000 62.000 77.000 77.000 77.000 77.000 77.000 80.000 80.000 71.000 75.000 75.000 75.000 42.000 42.000 41.000 42.000 41.000 76.000 72.000 81.000 79.000 71.000 74.000 74.000 74.000 74.000 74.000 73.000 75.000 60.000 60.000 64.000 64.000 53.000 53.000 53.000 61.000 61.000 64.000 61.000 61.000 66.000 65.000 61.000 61.000 65.000 66.000 68.000 68.000 68.000 68.000 59.000 77.000 77.000 77.000 75.000 75.000
VBdist TRAV2*01 59.000 60.000 64.000 60.000 61.000 59.000 62.000 62.000 68.000 68.000 68.000 64.000 64.000 69.000 69.000 69.000 69.000 69.000 65.000 65.000 65.000 65.000 53.000 60.000 56.000 69.000 0.000 0.000 57.000 57.000 57.000 57.000 58.000 58.000 60.000 73.000 73.000 73.000 73.000 63.000 63.000 69.000 63.000 63.000 63.000 63.000 63.000 74.000 74.000 74.000 66.000 66.000 66.000 69.000 69.000 69.000 69.000 68.000 75.000 75.000 57.000 64.000 61.000 61.000 67.000 67.000 67.000 67.000 67.000 72.000 64.000 52.000 60.000 68.000 69.000 69.000 69.000 69.000 69.000 69.000 54.000 66.000 66.000 66.000 66.000 71.000 71.000 71.000 68.000 68.000 68.000 68.000 68.000 72.000 68.000 69.000 69.000 67.000 68.000 67.000 67.000 67.000 67.000 52.000 66.000 66.000 66.000 66.000 66.000
VBdist TRAV2*02 59.000 60.000 64.000 60.000 61.000 59.000 62.000 62.000 68.000 68.000 68.000 64.000 64.000 69.000 69.000 69.000 69.000 69.000 65.000 65.000 65.000 65.000 53.000 60.000 56.000 69.000 0.000 0.000 57.000 57.000 57.000 57.000 58.000 58.000 60.000 73.000 73.000 73.000 73.000 63.000 63.000 69.000 63.000 63.000 63.000 63.000 63.000 74.000 74.000 74.000 66.000 66.000 66.000 69.000 69.000 69.000 69.000 68.000 75.000 75.000 57.000 64.000 61.000 61.000 67.000 67.000 67.000 67.000 67.000 72.000 64.000 52.000 60.000 68.000 69.000 69.000 69.000 69.000 69.000 69.000 54.000 66.000 66.000 66.000 66.000 71.000 71.000 71.000 68.000 68.000 68.000 68.000 68.000 72.000 68.000 69.000 69.000 67.000 68.000 67.000 67.000 67.000 67.000 52.000 66.000 66.000 66.000 66.000 66.000
VBdist TRAV20*01 61.000 61.000 61.000 56.000 59.000 56.000 59.000 59.000 54.000 54.000 58.000 55.000 55.000 54.000 54.000 54.000 55.000 55.000 62.000 62.000 62.000 62.000 64.000 58.000 62.000 74.000 57.000 57.000 0.000 0.000 0.000 0.000 55.000 55.000 64.000 59.000 59.000 59.000 59.000 60.000 60.000 57.000 71.000 71.000 71.000 74.000 74.000 60.000 60.000 60.000 55.000 55.000 63.000 57.000 57.000 56.000 57.000 51.000 50.000 50.000 46.000 49.000 46.000 46.000 69.000 69.000 69.000 69.000 69.000 61.000 71.000 55.000 59.000 53.000 63.000 63.000 63.000 63.000 63.000 67.000 34.000 65.000 65.000 64.000 64.000 71.000 71.000 71.000 64.000 64.000 71.000 64.000 64.000 68.000 71.000 68.000 68.000 64.000 64.000 60.000 60.000 60.000 60.000 68.000 82.000 82.000 82.000 75.000 75.000
VBdist TRAV20*02 61.000 61.000 61.000 56.000 59.000 56.000 59.000 59.000 54.000 54.000 58.000 55.000 55.000 54.000 54.000 54.000 55.000 55.000 62.000 62.000 62.000 62.000 64.000 58.000 62.000 74.000 57.000 57.000 0.000 0.000 0.000 0.000 55.000 55.000 64.000 59.000 59.000 59.000 59.000 60.000 60.000 57.000 71.000 71.000 71.000 74.000 74.000 60.000 60.000 60.000 55.000 55.000 63.000 57.000 57.000 56.000 57.000 51.000 50.000 50.000 46.000 49.000 46.000 46.000 69.000 69.000 69.000 69.000 69.000 61.000 71.000 55.000 59.000 53.000 63.000 63.000 63.000 63.000 63.000 67.000 34.000 65.000 65.000 64.000 64.000 71.000 71.000 71.000 64.000 64.000 71.000 64.000 64.000 68.000 71.000 68.000 68.000 64.000 64.000 60.000 60.000 60.000 60.000 68.000 82.000 82.000 82.000 75.000 75.000
VBdist TRAV20*03 61.000 61.000 61.000 56.000 59.000 56.000 59.000 59.000 54.000 54.000 58.000 55.000 55.000 54.000 54.000 54.000 55.000 55.000 62.000 62.000 62.000 62.000 64.000 58.000 62.000 74.000 57.000 57.000 0.000 0.000 0.000 0.000 55.000 55.000 64.000 59.000 59.000 59.000 59.000 60.000 60.000 57.000 71.000 71.000 71.000 74.000 74.000 60.000 60.000 60.000 55.000 55.000 63.000 57.000 57.000 56.000 57.000 51.000 50.000 50.000 46.000 49.000 46.000 46.000 69.000 69.000 69.000 69.000 69.000 61.000 71.000 55.000 59.000 53.000 63.000 63.000 63.000 63.000 63.000 67.000 34.000 65.000 65.000 64.000 64.000 71.000 71.000 71.000 64.000 64.000 71.000 64.000 64.000 68.000 71.000 68.000 68.000 64.000 64.000 60.000 60.000 60.000 60.000 68.000 82.000 82.000 82.000 75.000 75.000
VBdist TRAV20*04 61.000 61.000 61.000 56.000 59.000 56.000 59.000 59.000 54.000 54.000 58.000 55.000 55.000 54.000 54.000 54.000 55.000 55.000 62.000 62.000 62.000 62.000 64.000 58.000 62.000 74.000 57.000 57.000 0.000 0.000 0.000 0.000 55.000 55.000 64.000 59.000 59.000 59.000 59.000 60.000 60.000 57.000 71.000 71.000 71.000 74.000 74.000 60.000 60.000 60.000 55.000 55.000 63.000 57.000 57.000 56.000 57.000 51.000 50.000 50.000 46.000 49.000 46.000 46.000 69.000 69.000 69.000 69.000 69.000 61.000 71.000 55.000 59.000 53.000 63.000 63.000 63.000 63.000 63.000 67.000 34.000 65.000 65.000 64.000 64.000 71.000 71.000 71.000 64.000 64.000 71.000 64.000 64.000 68.000 71.000 68.000 68.000 64.000 64.000 60.000 60.000 60.000 60.000 68.000 82.000 82.000 82.000 75.000 75.000
VBdist TRAV21*01 62.000 62.000 62.000 72.000 55.000 35.000 51.000 51.000 51.000 51.000 51.000 47.000 47.000 43.000 43.000 43.000 50.000 50.000 62.000 64.000 62.000 64.000 67.000 40.000 59.000 64.000 58.000 58.000 55.000 55.000 55.000 55.000 0.000 0.000 55.000 50.000 50.000 50.000 50.000 57.000 57.000 63.000 78.000 78.000 78.000 77.000 77.000 70.000 70.000 70.000 51.000 51.000 66.000 63.000 63.000 63.000 63.000 55.000 72.000 72.000 52.000 52.000 52.000 52.000 62.000 62.000 62.000 62.000 62.000 62.000 74.000 71.000 68.000 53.000 54.000 54.000 54.000 54.000 54.000 54.000 54.000 64.000 64.000 62.000 62.000 66.000 66.000 66.000 63.000 63.000 67.000 63.000 63.000 67.000 71.000 63.000 63.000 62.000 67.000 67.000 67.000 67.000 67.000 66.000 68.000 68.000 68.000 77.000 77.000
VBdist TRAV21*02 62.000 62.000 62.000 72.000 55.000 35.000 51.000 51.000 51.000 51.000 51.000 47.000 47.000 43.000 43.000 43.000 50.000 50.000 62.000 64.000 62.000 64.000 67.000 40.000 59.000 64.000 58.000 58.000 55.000 55.000 55.000 55.000 0.000 0.000 55.000 50.000 50.000 50.000 50.000 57.000 57.000 63.000 78.000 78.000 78.000 77.000 77.000 70.000 70.000 70.000 51.000 51.000 66.000 63.000 63.000 63.000 63.000 55.000 72.000 72.000 52.000 52.000 52.000 52.000 62.000 62.000 62.000 62.000 62.000 62.000 74.000 71.000 68.000 53.000 54.000 54.000 54.000 54.000 54.000 54.000 54.000 64.000 64.000 62.000 62.000 66.000 66.000 66.000 63.000 63.000 67.000 63.000 63.000 67.000 71.000 63.000 63.000 62.000 67.000 67.000 67.000 67.000 67.000 66.000 68.000 68.000 68.000 77.000 77.000
VBdist TRAV22*01 57.000 57.000 54.000 60.000 56.000 57.000 50.000 50.000 50.000 50.000 46.000 52.000 52.000 44.000 44.000 44.000 54.000 54.000 74.000 74.000 74.000 74.000 60.000 45.000 62.000 79.000 60.000 60.000 64.000 64.000 64.000 64.000 55.000 55.000 0.000 66.000 66.000 66.000 66.000 63.000 63.000 60.000 70.000 70.000 70.000 68.000 68.000 64.000 64.000 64.000 56.000 56.000 72.000 65.000 65.000 62.000 65.000 66.000 60.000 60.000 64.000 61.000 61.000 61.000 77.000 77.000 77.000 77.000 77.000 60.000 64.000 65.000 42.000 54.000 65.000 65.000 65.000 65.000 65.000 67.000 58.000 67.000 67.000 66.000 66.000 73.000 73.000 73.000 63.000 63.000 66.000 63.000 63.000 71.000 70.000 65.000 65.000 69.000 74.000 74.000 74.000 74.000 74.000 65.000 75.000 75.000 75.000 59.000 59.000
VBdist TRAV23/DV6*01 64.000 64.000 63.000 70.000 60.000 63.000 55.000 55.000 58.000 58.000 58.000 45.000 45.000 31.000 31.000 31.000 35.000 35.000 74.000 74.000 74.000 74.000 63.000 52.000 59.000 72.000 73.000 73.000 59.000 59.000 59.000 59.000 50.000 50.000 66.000 0.000 0.000 0.000 0.000 60.000 60.000 64.000 67.000 67.000 67.000 62.000 62.000 67.000 67.000 67.000 34.000 34.000 63.000 62.000 62.000 61.000 62.000 58.000 67.000 67.000 57.000 57.000 57.000 57.000 66.000 66.000 66.000 66.000 66.000 56.000 58.000 60.000 65.000 51.000 44.000 44.000 44.000 44.000 44.000 48.000 61.000 72.000 72.000 70.000 70.000 66.000 66.000 66.000 66.000 66.000 66.000 66.000 66.000 72.000 68.000 62.000 62.000 69.000 64.000 64.000 64.000 64.000 64.000 62.000 70.000 70.000 70.000 71.000 71.000
VBdist TRAV23/DV6*02 64.000 64.000 63.000 70.000 60.000 63.000 55.000 55.000 58.000 58.000 58.000 45.000 45.000 31.000 31.000 31.000 35.000 35.000 74.000 74.000 74.000 74.000 63.000 52.000 59.000 72.000 73.000 73.000 59.000 59.000 59.000 59.000 50.000 50.000 66.000 0.000 0.000 0.000 0.000 60.000 60.000 64.000 67.000 67.000 67.000 62.000 62.000 67.000 67.000 67.000 34.000 34.000 63.000 62.000 62.000 61.000 62.000 58.000 67.000 67.000 57.000 57.000 57.000 57.000 66.000 66.000 66.000 66.000 66.000 56.000 58.000 60.000 65.000 51.000 44.000 44.000 44.000 44.000 44.000 48.000 61.000 72.000 72.000 70.000 70.000 66.000 66.000 66.000 66.000 66.000 66.000 66.000 66.000 72.000 68.000 62.000 62.000 69.000 64.000 64.000 64.000 64.000 64.000 62.000 70.000 70.000 70.000 71.000 71.000
VBdist TRAV23/DV6*03 64.000 64.000 63.000 70.000 60.000 63.000 55.000 55.000 58.000 58.000 58.000 45.000 45.000 31.000 31.000 31.000 35.000 35.000 74.000 74.000 74.000 74.000 63.000 52.000 59.000 72.000 73.000 73.000 59.000 59.000 59.000 59.000 50.000 50.000 66.000 0.000 0.000 0.000 0.000 60.000 60.000 64.000 67.000 67.000 67.000 62.000 62.000 67.000 67.000 67.000 34.000 34.000 63.000 62.000 62.000 61.000 62.000 58.000 67.000 67.000 57.000 57.000 57.000 57.000 66.000 66.000 66.000 66.000 66.000 56.000 58.000 60.000 65.000 51.000 44.000 44.000 44.000 44.000 44.000 48.000 61.000 72.000 72.000 70.000 70.000 66.000 66.000 66.000 66.000 66.000 66.000 66.000 66.000 72.000 68.000 62.000 62.000 69.000 64.000 64.000 64.000 64.000 64.000 62.000 70.000 70.000 70.000 71.000 71.000
VBdist TRAV23/DV6*04 64.000 64.000 63.000 70.000 60.000 63.000 55.000 55.000 58.000 58.000 58.000 45.000 45.000 31.000 31.000 31.000 35.000 35.000 74.000 74.000 74.000 74.000 63.000 52.000 59.000 72.000 73.000 73.000 59.000 59.000 59.000 59.000 50.000 50.000 66.000 0.000 0.000 0.000 0.000 60.000 60.000 64.000 67.000 67.000 67.000 62.000 62.000 67.000 67.000 67.000 34.000 34.000 63.000 62.000 62.000 61.000 62.000 58.000 67.000 67.000 57.000 57.000 57.000 57.000 66.000 66.000 66.000 66.000 66.000 56.000 58.000 60.000 65.000 51.000 44.000 44.000 44.000 44.000 44.000 48.000 61.000 72.000 72.000 70.000 70.000 66.000 66.000 66.000 66.000 66.000 66.000 66.000 66.000 72.000 68.000 62.000 62.000 69.000 64.000 64.000 64.000 64.000 64.000 62.000 70.000 70.000 70.000 71.000 71.000
VBdist TRAV24*01 52.000 52.000 53.000 63.000 57.000 61.000 61.000 61.000 64.000 64.000 64.000 62.000 62.000 57.000 57.000 57.000 55.000 55.000 74.000 74.000 74.000 74.000 64.000 56.000 61.000 78.000 63.000 63.000 60.000 60.000 60.000 60.000 57.000 57.000 63.000 60.000 60.000 60.000 60.000 0.000 0.000 64.000 77.000 77.000 77.000 78.000 78.000 64.000 64.000 64.000 54.000 54.000 70.000 51.000 51.000 51.000 51.000 53.000 64.000 64.000 42.000 39.000 39.000 39.000 75.000 75.000 75.000 75.000 75.000 54.000 78.000 60.000 57.000 50.000 60.000 60.000 60.000 60.000 60.000 60.000 56.000 79.000 79.000 63.000 63.000 78.000 78.000 78.000 64.000 64.000 64.000 64.000 64.000 72.000 72.000 66.000 66.000 71.000 64.000 60.000 60.000 60.000 60.000 71.000 76.000 76.000 76.000 77.000 77.000
VBdist TRAV24*02 52.000 52.000 53.000 63.000 57.000 61.000 61.000 61.000 64.000 64.000 64.000 62.000 62.000 57.000 57.000 57.000 55.000 55.000 74.000 74.000 74.000 74.000 64.000 56.000 61.000 78.000 63.000 63.000 60.000 60.000 60.000 60.000 57.000 57.000 63.000 60.000 60.000 60.000 60.000 0.000 0.000 64.000 77.000 77.000 77.000 78.000 78.000 64.000 64.000 64.000 54.000 54.000 70.000 51.000 51.000 51.000 51.000 53.000 64.000 64.000 42.000 39.000 39.000 39.000 75.000 75.000 75.000 75.000 75.000 54.000 78.000 60.000 57.000 50.000 60.000 60.000 60.000 60.000 60.000 60.000 56.000 79.000 79.000 63.000 63.000 78.000 78.000 78.000 64.000 64.000 64.000 64.000 64.000 72.000 72.000 66.000 66.000 71.000 64.000 60.000 60.000 60.000 60.000 71.000 76.000 76.000 76.000 77.000 77.000
VBdist TRAV25*01 69.000 69.000 60.000 65.000 57.000 56.000 68.000 68.000 67.000 67.000 66.000 69.000 69.000 65.000 65.000 65.000 64.000 64.000 65.000 65.000 65.000 65.000 69.000 47.000 67.000 75.000 69.000 69.000 57.000 57.000 57.000 57.000 63.000 63.000 60.000 64.000 64.000 64.000 64.000 64.000 64.000 0.000 60.000 60.000 60.000 64.000 64.000 32.000 32.000 32.000 62.000 62.000 68.000 41.000 41.000 40.000 41.000 39.000 41.000 41.000 56.000 57.000 57.000 57.000 67.000 67.000 67.000 67.000 67.000 48.000 69.000 61.000 56.000 62.000 66.000 66.000 66.000 66.000 66.000 70.000 62.000 65.000 65.000 68.000 68.000 73.000 73.000 73.000 68.000 68.000 69.000 68.000 68.000 71.000 68.000 68.000 68.000 67.000 57.000 62.000 62.000 62.000 62.000 65.000 76.000 76.000 76.000 70.000 70.000
VBdist TRAV26-1*01 71.000 71.000 68.000 71.000 68.000 74.000 67.000 67.000 70.000 70.000 70.000 60.000 60.000 69.000 69.000 69.000 66.000 66.000 62.000 62.000 62.000 62.000 63.000 66.000 65.000 67.000 63.000 63.000 71.000 71.000 71.000 71.000 78.000 78.000 70.000 67.000 67.000 67.000 67.000 77.000 77.000 60.000 0.000 0.000 0.000 17.000 17.000 65.000 65.000 65.000 68.000 68.000 68.000 65.000 65.000 64.000 65.000 69.000 63.000 63.000 74.000 78.000 78.000 78.000 59.000 62.000 59.000 59.000 62.000 64.000 33.000 64.000 68.000 65.000 67.000 67.000 67.000 67.000 67.000 71.000 79.000 77.000 77.000 77.000 77.000 74.000 74.000 74.000 74.000 74.000 74.000 74.000 74.000 79.000 75.000 68.000 68.000 75.000 62.000 68.000 68.000 68.000 68.000 53.000 64.000 64.000 64.000 50.000 50.000
VBdist TRAV26-1*02 71.000 71.000 68.000 71.000 68.000 74.000 67.000 67.000 70.000 70.000 70.000 60.000 60.000 69.000 69.000 69.000 66.000 66.000 62.000 62.000 62.000 62.000 63.000 66.000 65.000 67.000 63.000 63.000 71.000 71.000 71.000 71.000 78.000 78.000 70.000 67.000 67.000 67.000 67.000 77.000 77.000 60.000 0.000 0.000 0.000 17.000 17.000 65.000 65.000 65.000 68.000 68.000 68.000 65.000 65.000 64.000 65.000 69.000 63.000 63.000 74.000 78.000 78.000 78.000 59.000 62.000 59.000 59.000 62.000 64.000 33.000 64.000 68.000 65.000 67.000 67.000 67.000 67.000 67.000 71.000 79.000 77.000 77.000 77.000 77.000 74.000 74.000 74.000 74.000 74.000 74.000 74.000 74.000 79.000 75.000 68.000 68.000 75.000 62.000 68.000 68.000 68.000 68.000 53.000 64.000 64.000 64.000 50.000 50.000
VBdist TRAV26-1*03 71.000 71.000 68.000 71.000 68.000 74.000 67.000 67.000 70.000 70.000 70.000 60.000 60.000 69.000 69.000 69.000 66.000 66.000 62.000 62.000 62.000 62.000 63.000 66.000 65.000 67.000 63.000 63.000 71.000 71.000 71.000 71.000 78.000 78.000 70.000 67.000 67.000 67.000 67.000 77.000 77.000 60.000 0.000 0.000 0.000 17.000 17.000 65.000 65.000 65.000 68.000 68.000 68.000 65.000 65.000 64.000 65.000 69.000 63.000 63.000 74.000 78.000 78.000 78.000 59.000 62.000 59.000 59.000 62.000 64.000 33.000 64.000 68.000 65.000 67.000 67.000 67.000 67.000 67.000 71.000 79.000 77.000 77.000 77.000 77.000 74.000 74.000 74.000 74.000 74.000 74.000 74.000 74.000 79.000 75.000 68.000 68.000 75.000 62.000 68.000 68.000 68.000 68.000 53.000 64.000 64.000 64.000 50.000 50.000
VBdist TRAV26-2*01 71.000 71.000 67.000 70.000 71.000 73.000 68.000 68.000 71.000 71.000 71.000 61.000 61.000 67.000 67.000 67.000 64.000 64.000 61.000 61.000 61.000 61.000 60.000 64.000 66.000 62.000 63.000 63.000 74.000 74.000 74.000 74.000 77.000 77.000 68.000 62.000 62.000 62.000 62.000 78.000 78.000 64.000 17.000 17.000 17.000 0.000 0.000 61.000 61.000 61.000 66.000 66.000 68.000 69.000 69.000 68.000 69.000 73.000 66.000 66.000 73.000 77.000 77.000 77.000 63.000 63.000 63.000 63.000 63.000 60.000 38.000 64.000 67.000 65.000 68.000 68.000 68.000 68.000 68.000 72.000 77.000 72.000 72.000 76.000 76.000 69.000 69.000 69.000 73.000 73.000 70.000 73.000 73.000 78.000 71.000 67.000 67.000 71.000 67.000 73.000 73.000 73.000 73.000 53.000 68.000 68.000 68.000 51.000 51.000
VBdist TRAV26-2*02 71.000 71.000 67.000 70.000 71.000 73.000 68.000 68.000 71.000 71.000 71.000 61.000 61.000 67.000 67.000 67.000 64.000 64.000 61.000 61.000 61.000 61.000 60.000 64.000 66.000 62.000 63.000 63.000 74.000 74.000 74.000 74.000 77.000 77.000 68.000 62.000 62.000 62.000 62.000 78.000 78.000 64.000 17.000 17.000 17.000 0.000 0.000 61.000 61.000 61.000 66.000 66.000 68.000 69.000 69.000 68.000 69.000 73.000 66.000 66.000 73.000 77.000 77.000 77.000 63.000 63.000 63.000 63.000 63.000 60.000 38.000 64.000 67.000 65.000 68.000 68.000 68.000 68.000 68.000 72.000 77.000 72.000 72.000 76.000 76.000 69.000 69.000 69.000 73.000 73.000 70.000 73.000 73.000 78.000 71.000 67.000 67.000 71.000 67.000 73.000 73.000 73.000 73.000 53.000 68.000 68.000 68.000 51.000 51.000
VBdist TRAV27*01 73.000 73.000 66.000 69.000 66.000 64.000 61.000 61.000 63.000 63.000 63.000 69.000 69.000 67.000 67.000 67.000 65.000 65.000 68.000 68.000 68.000 68.000 73.000 58.000 65.000 79.000 74.000 74.000 60.000 60.000 60.000 60.000 70.000 70.000 64.000 67.000 67.000 67.000 67.000 64.000 64.000 32.000 65.000 65.000 65.000 61.000 61.000 0.000 0.000 0.000 64.000 64.000 63.000 49.000 49.000 48.000 49.000 54.000 33.000 33.000 66.000 66.000 66.000 66.000 73.000 73.000 73.000 73.000 73.000 58.000 68.000 62.000 61.000 64.000 66.000 66.000 66.000 66.000 66.000 70.000 68.000 67.000 67.000 63.000 63.000 69.000 69.000 69.000 70.000 70.000 63.000 70.000 70.000 74.000 63.000 64.000 64.000 64.000 68.000 69.000 69.000 69.000 69.000 70.000 78.000 78.000 78.000 67.000 67.000
VBdist TRAV27*02 73.000 73.000 66.000 69.000 66.000 64.000 61.000 61.000 63.000 63.000 63.000 69.000 69.000 67.000 67.000 67.000 65.000 65.000 68.000 68.000 68.000 68.000 73.000 58.000 65.000 79.000 74.000 74.000 60.000 60.000 60.000 60.000 70.000 70.000 64.000 67.000 67.000 67.000 67.000 64.000 64.000 32.000 65.000 65.000 65.000 61.000 61.000 0.000 0.000 0.000 64.000 64.000 63.000 49.000 49.000 48.000 49.000 54.000 33.000 33.000 66.000 66.000 66.000 66.000 73.000 73.000 73.000 73.000 73.000 58.000 68.000 62.000 61.000 64.000 66.000 66.000 66.000 66.000 66.000 70.000 68.000 67.000 67.000 63.000 63.000 69.000 69.000 69.000 70.000 70.000 63.000 70.000 70.000 74.000 63.000 64.000 64.000 64.000 68.000 69.000 69.000 69.000 69.000 70.000 78.000 78.000 78.000 67.000 67.000
VBdist TRAV27*03 73.000 73.000 66.000 69.000 66.000 64.000 61.000 61.000 63.000 63.000 63.000 69.000 69.000 67.000 67.000 67.000 65.000 65.000 68.000 68.000 68.000 68.000 73.000 58.000 65.000 79.000 74.000 74.000 60.000 60.000 60.000 60.000 70.000 70.000 64.000 67.000 67.000 67.000 67.000 64.000 64.000 32.000 65.000 65.000 65.000 61.000 61.000 0.000 0.000 0.000 64.000 64.000 63.000 49.000 49.000 48.000 49.000 54.000 33.000 33.000 66.000 66.000 66.000 66.000 73.000 73.000 73.000 73.000 73.000 58.000 68.000 62.000 61.000 64.000 66.000 66.000 66.000 66.000 66.000 70.000 68.000 67.000 67.000 63.000 63.000 69.000 69.000 69.000 70.000 70.000 63.000 70.000 70.000 74.000 63.000 64.000 64.000 64.000 68.000 69.000 69.000 69.000 69.000 70.000 78.000 78.000 78.000 67.000 67.000
VBdist TRAV29/DV5*01 58.000 59.000 58.000 67.000 59.000 60.000 50.000 50.000 54.000 54.000 53.000 40.000 40.000 36.000 36.000 36.000 27.000 27.000 66.000 66.000 66.000 66.000 62.000 51.000 55.000 66.000 66.000 66.000 55.000 55.000 55.000 55.000 51.000 51.000 56.000 34.000 34.000 34.000 34.000 54.000 54.000 62.000 68.000 68.000 68.000 66.000 66.000 64.000 64.000 64.000 0.000 0.000 59.000 62.000 62.000 61.000 62.000 65.000 65.000 65.000 58.000 58.000 58.000 58.000 61.000 61.000 61.000 61.000 61.000 58.000 60.000 64.000 49.000 39.000 56.000 56.000 56.000 56.000 56.000 60.000 57.000 68.000 68.000 62.000 62.000 66.000 66.000 66.000 57.000 57.000 60.000 57.000 57.000 67.000 66.000 54.000 54.000 67.000 60.000 59.000 59.000 59.000 59.000 59.000 78.000 78.000 78.000 72.000 72.000
VBdist TRAV29/DV5*02 58.000 59.000 58.000 67.000 59.000 60.000 50.000 50.000 54.000 54.000 53.000 40.000 40.000 36.000 36.000 36.000 27.000 27.000 66.000 66.000 66.000 66.000 62.000 51.000 55.000 66.000 66.000 66.000 55.000 55.000 55.000 55.000 51.000 51.000 56.000 34.000 34.000 34.000 34.000 54.000 54.000 62.000 68.000 68.000 68.000 66.000 66.000 64.000 64.000 64.000 0.000 0.000 59.000 62.000 62.000 61.000 62.000 65.000 65.000 65.000 58.000 58.000 58.000 58.000 61.000 61.000 61.000 61.000 61.000 58.000 60.000 64.000 49.000 39.000 56.000 56.000 56.000 56.000 56.000 60.000 57.000 68.000 68.000 62.000 62.000 66.000 66.000 66.000 57.000 57.000 60.000 57.000 57.000 67.000 66.000 54.000 54.000 67.000 60.000 59.000 59.000 59.000 59.000 59.000 78.000 78.000 78.000 72.000 72.000
VBdist TRAV3*01 62.000 62.000 59.000 67.000 71.000 74.000 66.000 66.000 61.000 61.000 65.000 61.000 61.000 61.000 61.000 61.000 61.000 61.000 64.000 64.000 64.000 64.000 43.000 65.000 55.000 62.000 66.000 66.000 63.000 63.000 63.000 63.000 66.000 66.000 72.000 63.000 63.000 63.000 63.000 70.000 70.000 68.000 68.000 68.000 68.000 68.000 68.000 63.000 63.000 63.000 59.000 59.000 0.000 67.000 67.000 67.000 67.000 72.000 77.000 77.000 61.000 68.000 65.000 65.000 63.000 66.000 63.000 63.000 66.000 71.000 71.000 68.000 69.000 61.000 74.000 74.000 74.000 74.000 74.000 74.000 67.000 42.000 42.000 40.000 40.000 36.000 36.000 36.000 37.000 37.000 30.000 37.000 37.000 45.000 30.000 28.000 28.000 40.000 58.000 58.000 58.000 58.000 58.000 66.000 77.000 77.000 77.000 70.000 70.000
VBdist TRAV30*01 70.000 70.000 69.000 74.000 66.000 60.000 62.000 62.000 61.000 61.000 60.000 72.000 72.000 65.000 65.000 65.000 64.000 64.000 73.000 73.000 73.000 73.000 66.000 58.000 69.000 77.000 69.000 69.000 57.000 57.000 57.000 57.000 63.000 63.000 65.000 62.000 62.000 62.000 62.000 51.000 51.000 41.000 65.000 65.000 65.000 69.000 69.000 49.000 49.000 49.000 62.000 62.000 67.000 0.000 0.000 3.000 0.000 17.000 52.000 52.000 55.000 55.000 55.000 55.000 75.000 75.000 75.000 75.000 75.000 54.000 72.000 70.000 57.000 61.000 64.000 64.000 64.000 64.000 64.000 65.000 65.000 70.000 70.000 73.000 73.000 75.000 75.000 75.000 76.000 76.000 72.000 76.000 76.000 78.000 70.000 64.000 64.000 67.000 61.000 63.000 63.000 63.000 63.000 73.000 75.000 75.000 75.000 77.000 77.000
VBdist TRAV30*02 70.000 70.000 69.000 74.000 66.000 60.000 62.000 62.000 61.000 61.000 60.000 72.000 72.000 65.000 65.000 65.000 64.000 64.000 73.000 73.000 73.000 73.000 66.000 58.000 69.000 77.000 69.000 69.000 57.000 57.000 57.000 57.000 63.000 63.000 65.000 62.000 62.000 62.000 62.000 51.000 51.000 41.000 65.000 65.000 65.000 69.000 69.000 49.000 49.000 49.000 62.000 62.000 67.000 0.000 0.000 3.000 0.000 17.000 52.000 52.000 55.000 55.000 55.000 55.000 75.000 75.000 75.000 75.000 75.000 54.000 72.000 70.000 57.000 61.000 64.000 64.000 64.000 64.000 64.000 65.000 65.000 70.000 70.000 73.000 73.000 75.000 75.000 75.000 76.000 76.000 72.000 76.000 76.000 78.000 70.000 64.000 64.000 67.000 61.000 63.000 63.000 63.000 63.000 73.000 75.000 75.000 75.000 77.000 77.000
VBdist TRAV30*03 70.000 70.000 69.000 74.000 65.000 60.000 65.000 65.000 64.000 64.000 63.000 71.000 71.000 64.000 64.000 64.000 63.000 63.000 72.000 72.000 72.000 72.000 66.000 57.000 69.000 77.000 69.000 69.000 56.000 56.000 56.000 56.000 63.000 63.000 62.000 61.000 61.000 61.000 61.000 51.000 51.000 40.000 64.000 64.000 64.000 68.000 68.000 48.000 48.000 48.000 61.000 61.000 67.000 3.000 3.000 0.000 3.000 20.000 51.000 51.000 55.000 55.000 55.000 55.000 74.000 74.000 74.000 74.000 74.000 51.000 71.000 69.000 56.000 60.000 63.000 63.000 63.000 63.000 63.000 65.000 65.000 70.000 70.000 73.000 73.000 75.000 75.000 75.000 76.000 76.000 72.000 76.000 76.000 78.000 70.000 64.000 64.000 67.000 61.000 63.000 63.000 63.000 63.000 72.000 75.000 75.000 75.000 76.000 76.000
VBdist TRAV30*04 70.000 70.000 69.000 74.000 66.000 60.000 62.000 62.000 61.000 61.000 60.000 72.000 72.000 65.000 65.000 65.000 64.000 64.000 73.000 73.000 73.000 73.000 66.000 58.000 69.000 77.000 69.000 69.000 57.000 57.000 57.000 57.000 63.000 63.000 65.000 62.000 62.000 62.000 62.000 51.000 51.000 41.000 65.000 65.000 65.000 69.000 69.000 49.000 49.000 49.000 62.000 62.000 67.000 0.000 0.000 3.000 0.000 17.000 52.000 52.000 55.000 55.000 55.000 55.000 75.000 75.000 75.000 75.000 75.000 54.000 72.000 70.000 57.000 61.000 64.000 64.000 64.000 64.000 64.000 65.000 65.000 70.000 70.000 73.000 73.000 75.000 75.000 75.000 76.000 76.000 72.000 76.000 76.000 78.000 70.000 64.000 64.000 67.000 61.000 63.000 63.000 63.000 63.000 73.000 75.000 75.000 75.000 77.000 77.000
VBdist TRAV34*01 67.000 67.000 67.000 71.000 64.000 55.000 69.000 69.000 66.000 66.000 65.000 69.000 69.000 65.000 65.000 65.000 66.000 66.000 69.000 69.000 69.000 69.000 72.000 53.000 67.000 77.000 68.000 68.000 51.000 51.000 51.000 51.000 55.000 55.000 66.000 58.000 58.000 58.000 58.000 53.000 53.000 39.000 69.000 69.000 69.000 73.000 73.000 54.000 54.000 54.000 65.000 65.000 72.000 17.000 17.000 20.000 17.000 0.000 53.000 53.000 50.000 50.000 50.000 50.000 73.000 73.000 73.000 73.000 73.000 51.000 72.000 65.000 61.000 64.000 58.000 58.000 58.000 58.000 58.000 59.000 64.000 71.000 71.000 77.000 77.000 75.000 75.000 75.000 76.000 76.000 72.000 76.000 76.000 78.000 70.000 71.000 71.000 75.000 63.000 63.000 63.000 63.000 63.000 73.000 69.000 69.000 69.000 78.000 78.000
VBdist TRAV35*01 70.000 70.000 64.000 67.000 68.000 66.000 68.000 68.000 68.000 68.000 68.000 66.000 66.000 62.000 62.000 62.000 62.000 62.000 73.000 73.000 73.000 73.000 76.000 58.000 65.000 80.000 75.000 75.000 50.000 50.000 50.000 50.000 72.000 72.000 60.000 67.000 67.000 67.000 67.000 64.000 64.000 41.000 63.000 63.000 63.000 66.000 66.000 33.000 33.000 33.000 65.000 65.000 77.000 52.000 52.000 51.000 52.000 53.000 0.000 0.000 66.000 66.000 66.000 66.000 77.000 77.000 77.000 77.000 77.000 59.000 58.000 63.000 59.000 63.000 63.000 63.000 63.000 63.000 63.000 67.000 58.000 73.000 73.000 66.000 66.000 74.000 74.000 74.000 70.000 70.000 74.000 70.000 70.000 74.000 74.000 73.000 73.000 75.000 64.000 64.000 64.000 64.000 64.000 74.000 78.000 78.000 78.000 62.000 62.000
VBdist TRAV35*02 70.000 70.000 64.000 67.000 68.000 66.000 68.000 68.000 68.000 68.000 68.000 66.000 66.000 62.000 62.000 62.000 62.000 62.000 73.000 73.000 73.000 73.000 76.000 58.000 65.000 80.000 75.000 75.000 50.000 50.000 50.000 50.000 72.000 72.000 60.000 67.000 67.000 67.000 67.000 64.000 64.000 41.000 63.000 63.000 63.000 66.000 66.000 33.000 33.000 33.000 65.000 65.000 77.000 52.000 52.000 51.000 52.000 53.000 0.000 0.000 66.000 66.000 66.000 66.000 77.000 77.000 77.000 77.000 77.000 59.000 58.000 63.000 59.000 63.000 63.000 63.000 63.000 63.000 63.000 67.000 58.000 73.000 73.000 66.000 66.000 74.000 74.000 74.000 70.000 70.000 74.000 70.000 70.000 74.000 74.000 73.000 73.000 75.000 64.000 64.000 64.000 64.000 64.000 74.000 78.000 78.000 78.000 62.000 62.000
VBdist TRAV36/DV7*01 67.000 67.000 68.000 71.000 52.000 55.000 62.000 62.000 58.000 58.000 58.000 58.000 58.000 59.000 59.000 59.000 62.000 62.000 70.000 70.000 70.000 70.000 62.000 54.000 60.000 71.000 57.000 57.000 46.000 46.000 46.000 46.000 52.000 52.000 64.000 57.000 57.000 57.000 57.000 42.000 42.000 56.000 74.000 74.000 74.000 73.000 73.000 66.000 66.000 66.000 58.000 58.000 61.000 55.000 55.000 55.000 55.000 50.000 66.000 66.000 0.000 7.000 4.000 4.000 74.000 74.000 74.000 74.000 74.000 50.000 75.000 58.000 55.000 56.000 64.000 64.000 64.000 64.000 64.000 64.000 47.000 64.000 64.000 52.000 52.000 66.000 66.000 66.000 56.000 56.000 60.000 56.000 56.000 57.000 57.000 62.000 62.000 62.000 54.000 50.000 50.000 50.000 50.000 71.000 77.000 77.000 77.000 76.000 76.000
VBdist TRAV36/DV7*02 64.000 64.000 65.000 71.000 55.000 52.000 59.000 59.000 55.000 55.000 55.000 55.000 55.000 59.000 59.000 59.000 62.000 62.000 74.000 74.000 74.000 74.000 66.000 58.000 64.000 75.000 64.000 64.000 49.000 49.000 49.000 49.000 52.000 52.000 61.000 57.000 57.000 57.000 57.000 39.000 39.000 57.000 78.000 78.000 78.000 77.000 77.000 66.000 66.000 66.000 58.000 58.000 68.000 55.000 55.000 55.000 55.000 50.000 66.000 66.000 7.000 0.000 3.000 3.000 78.000 78.000 78.000 78.000 78.000 50.000 79.000 59.000 58.000 56.000 64.000 64.000 64.000 64.000 64.000 64.000 50.000 68.000 68.000 56.000 56.000 70.000 70.000 70.000 60.000 60.000 64.000 60.000 60.000 61.000 64.000 66.000 66.000 66.000 58.000 54.000 54.000 54.000 54.000 75.000 77.000 77.000 77.000 77.000 77.000
VBdist TRAV36/DV7*03 64.000 64.000 65.000 71.000 52.000 52.000 59.000 59.000 55.000 55.000 55.000 55.000 55.000 59.000 59.000 59.000 62.000 62.000 74.000 74.000 74.000 74.000 66.000 58.000 64.000 75.000 61.000 61.000 46.000 46.000 46.000 46.000 52.000 52.000 61.000 57.000 57.000 57.000 57.000 39.000 39.000 57.000 78.000 78.000 78.000 77.000 77.000 66.000 66.000 66.000 58.000 58.000 65.000 55.000 55.000 55.000 55.000 50.000 66.000 66.000 4.000 3.000 0.000 0.000 78.000 78.000 78.000 78.000 78.000 50.000 79.000 59.000 55.000 56.000 64.000 64.000 64.000 64.000 64.000 64.000 47.000 68.000 68.000 56.000 56.000 70.000 70.000 70.000 60.000 60.000 64.000 60.000 60.000 61.000 61.000 66.000 66.000 66.000 58.000 54.000 54.000 54.000 54.000 75.000 77.000 77.000 77.000 77.000 77.000
VBdist TRAV36/DV7*04 64.000 64.000 65.000 71.000 52.000 52.000 59.000 59.000 55.000 55.000 55.000 55.000 55.000 59.000 59.000 59.000 62.000 62.000 74.000 74.000 74.000 74.000 66.000 58.000 64.000 75.000 61.000 61.000 46.000 46.000 46.000 46.000 52.000 52.000 61.000 57.000 57.000 57.000 57.000 39.000 39.000 57.000 78.000 78.000 78.000 77.000 77.000 66.000 66.000 66.000 58.000 58.000 65.000 55.000 55.000 55.000 55.000 50.000 66.000 66.000 4.000 3.000 0.000 0.000 78.000 78.000 78.000 78.000 78.000 50.000 79.000 59.000 55.000 56.000 64.000 64.000 64.000 64.000 64.000 64.000 47.000 68.000 68.000 56.000 56.000 70.000 70.000 70.000 60.000 60.000 64.000 60.000 60.000 61.000 61.000 66.000 66.000 66.000 58.000 54.000 54.000 54.000 54.000 75.000 77.000 77.000 77.000 77.000 77.000
VBdist TRAV38-1*01 69.000 69.000 73.000 76.000 74.000 69.000 66.000 66.000 71.000 71.000 71.000 61.000 61.000 62.000 62.000 62.000 66.000 66.000 28.000 30.000 28.000 30.000 71.000 63.000 62.000 42.000 67.000 67.000 69.000 69.000 69.000 69.000 62.000 62.000 77.000 66.000 66.000 66.000 66.000 75.000 75.000 67.000 59.000 59.000 59.000 63.000 63.000 73.000 73.000 73.000 61.000 61.000 63.000 75.000 75.000 74.000 75.000 73.000 77.000 77.000 74.000 78.000 78.000 78.000 0.000 3.000 3.000 0.000 6.000 72.000 68.000 74.000 79.000 66.000 73.000 73.000 73.000 73.000 73.000 77.000 75.000 74.000 74.000 67.000 67.000 71.000 71.000 71.000 64.000 64.000 65.000 64.000 64.000 73.000 70.000 64.000 64.000 66.000 68.000 74.000 74.000 74.000 74.000 41.000 68.000 68.000 68.000 68.000 68.000
VBdist TRAV38-1*02 69.000 69.000 73.000 76.000 74.000 69.000 67.000 67.000 72.000 72.000 72.000 61.000 61.000 63.000 63.000 63.000 67.000 67.000 29.000 31.000 29.000 31.000 72.000 63.000 63.000 42.000 67.000 67.000 69.000 69.000 69.000 69.000 62.000 62.000 77.000 66.000 66.000 66.000 66.000 75.000 75.000 67.000 62.000 62.000 62.000 63.000 63.000 73.000 73.000 73.000 61.000 61.000 66.000 75.000 75.000 74.000 75.000 73.000 77.000 77.000 74.000 78.000 78.000 78.000 3.000 0.000 6.000 3.000 3.000 72.000 71.000 74.000 79.000 67.000 73.000 73.000 73.000 73.000 73.000 77.000 75.000 74.000 74.000 68.000 68.000 71.000 71.000 71.000 64.000 64.000 65.000 64.000 64.000 73.000 70.000 65.000 65.000 66.000 68.000 74.000 74.000 74.000 74.000 42.000 71.000 71.000 71.000 71.000 71.000
VBdist TRAV38-1*03 69.000 69.000 73.000 76.000 74.000 69.000 66.000 66.000 71.000 71.000 71.000 61.000 61.000 62.000 62.000 62.000 66.000 66.000 28.000 30.000 28.000 30.000 71.000 63.000 62.000 41.000 67.000 67.000 69.000 69.000 69.000 69.000 62.000 62.000 77.000 66.000 66.000 66.000 66.000 75.000 75.000 67.000 59.000 59.000 59.000 63.000 63.000 73.000 73.000 73.000 61.000 61.000 63.000 75.000 75.000 74.000 75.000 73.000 77.000 77.000 74.000 78.000 78.000 78.000 3.000 6.000 0.000 3.000 3.000 72.000 67.000 74.000 79.000 66.000 73.000 73.000 73.000 73.000 73.000 77.000 75.000 74.000 74.000 67.000 67.000 71.000 71.000 71.000 64.000 64.000 65.000 64.000 64.000 73.000 70.000 64.000 64.000 66.000 68.000 74.000 74.000 74.000 74.000 41.000 68.000 68.000 68.000 65.000 65.000
VBdist TRAV38-1*04 69.000 69.000 73.000 76.000 74.000 69.000 66.000 66.000 71.000 71.000 71.000 61.000 61.000 62.000 62.000 62.000 66.000 66.000 28.000 30.000 28.000 30.000 71.000 63.000 62.000 42.000 67.000 67.000 69.000 69.000 69.000 69.000 62.000 62.000 77.000 66.000 66.000 66.000 66.000 75.000 75.000 67.000 59.000 59.000 59.000 63.000 63.000 73.000 73.000 73.000 61.000 61.000 63.000 75.000 75.000 74.000 75.000 73.000 77.000 77.000 74.000 78.000 78.000 78.000 0.000 3.000 3.000 0.000 6.000 72.000 68.000 74.000 79.000 66.000 73.000 73.000 73.000 73.000 73.000 77.000 75.000 74.000 74.000 67.000 67.000 71.000 71.000 71.000 64.000 64.000 65.000 64.000 64.000 73.000 70.000 64.000 64.000 66.000 68.000 74.000 74.000 74.000 74.000 41.000 68.000 68.000 68.000 68.000 68.000
VBdist TRAV38-2/DV8*01 69.000 69.000 73.000 76.000 74.000 69.000 67.000 67.000 72.000 72.000 72.000 61.000 61.000 63.000 63.000 63.000 67.000 67.000 29.000 31.000 29.000 31.000 72.000 63.000 63.000 41.000 67.000 67.000 69.000 69.000 69.000 69.000 62.000 62.000 77.000 66.000 66.000 66.000 66.000 75.000 75.000 67.000 62.000 62.000 62.000 63.000 63.000 73.000 73.000 73.000 61.000 61.000 66.000 75.000 75.000 74.000 75.000 73.000 77.000 77.000 74.000 78.000 78.000 78.000 6.000 3.000 3.000 6.000 0.000 72.000 70.000 74.000 79.000 67.000 73.000 73.000 73.000 73.000 73.000 77.000 75.000 74.000 74.000 68.000 68.000 71.000 71.000 71.000 64.000 64.000 65.000 64.000 64.000 73.000 70.000 65.000 65.000 66.000 68.000 74.000 74.000 74.000 74.000 42.000 71.000 71.000 71.000 68.000 68.000
VBdist TRAV39*01 70.000 70.000 68.000 68.000 66.000 67.000 66.000 66.000 67.000 67.000 67.000 63.000 63.000 56.000 56.000 56.000 57.000 57.000 73.000 73.000 73.000 73.000 71.000 46.000 74.000 76.000 72.000 72.000 61.000 61.000 61.000 61.000 62.000 62.000 60.000 56.000 56.000 56.000 56.000 54.000 54.000 48.000 64.000 64.000 64.000 60.000 60.000 58.000 58.000 58.000 58.000 58.000 71.000 54.000 54.000 51.000 54.000 51.000 59.000 59.000 50.000 50.000 50.000 50.000 72.000 72.000 72.000 72.000 72.000 0.000 73.000 69.000 60.000 53.000 56.000 56.000 56.000 56.000 56.000 58.000 64.000 72.000 72.000 70.000 70.000 71.000 71.000 71.000 70.000 70.000 73.000 70.000 70.000 72.000 71.000 65.000 65.000 70.000 65.000 71.000 71.000 71.000 71.000 69.000 75.000 75.000 75.000 72.000 72.000
VBdist TRAV4*01 76.000 76.000 73.000 75.000 68.000 75.000 62.000 62.000 69.000 69.000 69.000 56.000 56.000 64.000 64.000 64.000 55.000 55.000 71.000 71.000 71.000 71.000 64.000 68.000 65.000 72.000 64.000 64.000 71.000 71.000 71.000 71.000 74.000 74.000 64.000 58.000 58.000 58.000 58.000 78.000 78.000 69.000 33.000 33.000 33.000 38.000 38.000 68.000 68.000 68.000 60.000 60.000 71.000 72.000 72.000 71.000 72.000 72.000 58.000 58.000 75.000 79.000 79.000 79.000 68.000 71.000 67.000 68.000 70.000 73.000 0.000 65.000 64.000 66.000 65.000 65.000 65.000 65.000 65.000 69.000 74.000 75.000 75.000 78.000 78.000 68.000 68.000 68.000 75.000 75.000 75.000 75.000 75.000 80.000 76.000 73.000 73.000 80.000 66.000 66.000 66.000 66.000 66.000 59.000 62.000 62.000 62.000 51.000 51.000
VBdist TRAV40*01 63.000 63.000 63.000 55.000 64.000 72.000 68.000 68.000 64.000 64.000 68.000 63.000 63.000 66.000 66.000 66.000 68.000 68.000 74.000 74.000 74.000 74.000 54.000 65.000 61.000 81.000 52.000 52.000 55.000 55.000 55.000 55.000 71.000 71.000 65.000 60.000 60.000 60.000 60.000 60.000 60.000 61.000 64.000 64.000 64.000 64.000 64.000 62.000 62.000 62.000 64.000 64.000 68.000 70.000 70.000 69.000 70.000 65.000 63.000 63.000 58.000 59.000 59.000 59.000 74.000 74.000 74.000 74.000 74.000 69.000 65.000 0.000 61.000 70.000 67.000 67.000 67.000 67.000 67.000 71.000 60.000 73.000 73.000 59.000 59.000 69.000 69.000 69.000 60.000 60.000 60.000 60.000 60.000 65.000 65.000 72.000 72.000 63.000 58.000 50.000 50.000 50.000 50.000 55.000 66.000 66.000 66.000 63.000 63.000
VBdist TRAV41*01 62.000 63.000 63.000 67.000 60.000 64.000 55.000 55.000 54.000 54.000 51.000 57.000 57.000 52.000 52.000 52.000 54.000 54.000 76.000 76.000 76.000 76.000 58.000 54.000 64.000 79.000 60.000 60.000 59.000 59.000 59.000 59.000 68.000 68.000 42.000 65.000 65.000 65.000 65.000 57.000 57.000 56.000 68.000 68.000 68.000 67.000 67.000 61.000 61.000 61.000 49.000 49.000 69.000 57.000 57.000 56.000 57.000 61.000 59.000 59.000 55.000 58.000 55.000 55.000 79.000 79.000 79.000 79.000 79.000 60.000 64.000 61.000 0.000 54.000 67.000 67.000 67.000 67.000 67.000 71.000 64.000 71.000 71.000 70.000 70.000 70.000 70.000 70.000 68.000 68.000 71.000 68.000 68.000 71.000 66.000 67.000 67.000 74.000 69.000 68.000 68.000 68.000 68.000 68.000 70.000 70.000 70.000 61.000 61.000
VBdist TRAV5*01 61.000 61.000 65.000 70.000 63.000 57.000 47.000 47.000 46.000 46.000 46.000 48.000 48.000 30.000 30.000 30.000 26.000 26.000 64.000 64.000 64.000 64.000 58.000 55.000 53.000 71.000 68.000 68.000 53.000 53.000 53.000 53.000 53.000 53.000 54.000 51.000 51.000 51.000 51.000 50.000 50.000 62.000 65.000 65.000 65.000 65.000 65.000 64.000 64.000 64.000 39.000 39.000 61.000 61.000 61.000 60.000 61.000 64.000 63.000 63.000 56.000 56.000 56.000 56.000 66.000 67.000 66.000 66.000 67.000 53.000 66.000 70.000 54.000 0.000 54.000 54.000 54.000 54.000 54.000 58.000 60.000 66.000 66.000 61.000 61.000 63.000 63.000 63.000 61.000 61.000 64.000 61.000 61.000 69.000 68.000 55.000 55.000 68.000 66.000 66.000 66.000 66.000 66.000 60.000 77.000 77.000 77.000 74.000 74.000
VBdist TRAV6*01 73.000 73.000 73.000 74.000 57.000 59.000 66.000 66.000 67.000 67.000 67.000 58.000 58.000 45.000 45.000 45.000 44.000 44.000 77.000 75.000 77.000 75.000 75.000 41.000 62.000 74.000 69.000 69.000 63.000 63.000 63.000 63.000 54.000 54.000 65.000 44.000 44.000 44.000 44.000 60.000 60.000 66.000 67.000 67.000 67.000 68.000 68.000 66.000 66.000 66.000 56.000 56.000 74.000 64.000 64.000 63.000 64.000 58.000 63.000 63.000 64.000 64.000 64.000 64.000 73.000 73.000 73.000 73.000 73.000 56.000 65.000 67.000 67.000 54.000 0.000 0.000 0.000 0.000 0.000 4.000 71.000 79.000 79.000 78.000 78.000 74.000 74.000 74.000 70.000 70.000 70.000 70.000 70.000 75.000 75.000 73.000 73.000 78.000 74.000 72.000 72.000 72.000 72.000 72.000 71.000 71.000 71.000 72.000 72.000
VBdist TRAV6*02 73.000 73.000 73.000 74.000 57.000 59.000 66.000 66.000 67.000 67.000 67.000 58.000 58.000 45.000 45.000 45.000 44.000 44.000 77.000 75.000 77.000 75.000 75.000 41.000 62.000 74.000 69.000 69.000 63.000 63.000 63.000 63.000 54.000 54.000 65.000 44.000 44.000 44.000 44.000 60.000 60.000 66.000 67.000 67.000 67.000 68.000 68.000 66.000 66.000 66.000 56.000 56.000 74.000 64.000 64.000 63.000 64.000 58.000 63.000 63.000 64.000 64.000 64.000 64.000 73.000 73.000 73.000 73.000 73.000 56.000 65.000 67.000 67.000 54.000 0.000 0.000 0.000 0.000 0.000 4.000 71.000 79.000 79.000 78.000 78.000 74.000 74.000 74.000 70.000 70.000 70.000 70.000 70.000 75.000 75.000 73.000 73.000 78.000 74.000 72.000 72.000 72.000 72.000 72.000 71.000 71.000 71.000 72.000 72.000
VBdist TRAV6*03 73.000 73.000 73.000 74.000 57.000 59.000 66.000 66.000 67.000 67.000 67.000 58.000 58.000 45.000 45.000 45.000 44.000 44.000 77.000 75.000 77.000 75.000 75.000 41.000 62.000 74.000 69.000 69.000 63.000 63.000 63.000 63.000 54.000 54.000 65.000 44.000 44.000 44.000 44.000 60.000 60.000 66.000 67.000 67.000 67.000 68.000 68.000 66.000 66.000 66.000 56.000 56.000 74.000 64.000 64.000 63.000 64.000 58.000 63.000 63.000 64.000 64.000 64.000 64.000 73.000 73.000 73.000 73.000 73.000 56.000 65.000 67.000 67.000 54.000 0.000 0.000 0.000 0.000 0.000 4.000 71.000 79.000 79.000 78.000 78.000 74.000 74.000 74.000 70.000 70.000 70.000 70.000 70.000 75.000 75.000 73.000 73.000 78.000 74.000 72.000 72.000 72.000 72.000 72.000 71.000 71.000 71.000 72.000 72.000
VBdist TRAV6*04 73.000 73.000 73.000 74.000 57.000 59.000 66.000 66.000 67.000 67.000 67.000 58.000 58.000 45.000 45.000 45.000 44.000 44.000 77.000 75.000 77.000 75.000 75.000 41.000 62.000 74.000 69.000 69.000 63.000 63.000 63.000 63.000 54.000 54.000 65.000 44.000 44.000 44.000 44.000 60.000 60.000 66.000 67.000 67.000 67.000 68.000 68.000 66.000 66.000 66.000 56.000 56.000 74.000 64.000 64.000 63.000 64.000 58.000 63.000 63.000 64.000 64.000 64.000 64.000 73.000 73.000 73.000 73.000 73.000 56.000 65.000 67.000 67.000 54.000 0.000 0.000 0.000 0.000 0.000 4.000 71.000 79.000 79.000 78.000 78.000 74.000 74.000 74.000 70.000 70.000 70.000 70.000 70.000 75.000 75.000 73.000 73.000 78.000 74.000 72.000 72.000 72.000 72.000 72.000 71.000 71.000 71.000 72.000 72.000
VBdist TRAV6*05 73.000 73.000 73.000 74.000 57.000 59.000 66.000 66.000 67.000 67.000 67.000 58.000 58.000 45.000 45.000 45.000 44.000 44.000 77.000 75.000 77.000 75.000 75.000 41.000 62.000 74.000 69.000 69.000 63.000 63.000 63.000 63.000 54.000 54.000 65.000 44.000 44.000 44.000 44.000 60.000 60.000 66.000 67.000 67.000 67.000 68.000 68.000 66.000 66.000 66.000 56.000 56.000 74.000 64.000 64.000 63.000 64.000 58.000 63.000 63.000 64.000 64.000 64.000 64.000 73.000 73.000 73.000 73.000 73.000 56.000 65.000 67.000 67.000 54.000 0.000 0.000 0.000 0.000 0.000 4.000 71.000 79.000 79.000 78.000 78.000 74.000 74.000 74.000 70.000 70.000 70.000 70.000 70.000 75.000 75.000 73.000 73.000 78.000 74.000 72.000 72.000 72.000 72.000 72.000 71.000 71.000 71.000 72.000 72.000
VBdist TRAV6*06 72.000 72.000 73.000 74.000 61.000 59.000 67.000 67.000 68.000 68.000 68.000 62.000 62.000 49.000 49.000 49.000 48.000 48.000 81.000 79.000 81.000 79.000 75.000 45.000 61.000 73.000 69.000 69.000 67.000 67.000 67.000 67.000 54.000 54.000 67.000 48.000 48.000 48.000 48.000 60.000 60.000 70.000 71.000 71.000 71.000 72.000 72.000 70.000 70.000 70.000 60.000 60.000 74.000 65.000 65.000 65.000 65.000 59.000 67.000 67.000 64.000 64.000 64.000 64.000 77.000 77.000 77.000 77.000 77.000 58.000 69.000 71.000 71.000 58.000 4.000 4.000 4.000 4.000 4.000 0.000 67.000 79.000 79.000 78.000 78.000 73.000 73.000 73.000 70.000 70.000 70.000 70.000 70.000 75.000 75.000 73.000 73.000 78.000 74.000 72.000 72.000 72.000 72.000 76.000 67.000 67.000 67.000 76.000 76.000
VBdist TRAV7*01 65.000 65.000 62.000 56.000 54.000 58.000 60.000 60.000 60.000 60.000 60.000 56.000 56.000 55.000 55.000 55.000 61.000 61.000 72.000 72.000 72.000 72.000 68.000 55.000 61.000 75.000 54.000 54.000 34.000 34.000 34.000 34.000 54.000 54.000 58.000 61.000 61.000 61.000 61.000 56.000 56.000 62.000 79.000 79.000 79.000 77.000 77.000 68.000 68.000 68.000 57.000 57.000 67.000 65.000 65.000 65.000 65.000 64.000 58.000 58.000 47.000 50.000 47.000 47.000 75.000 75.000 75.000 75.000 75.000 64.000 74.000 60.000 64.000 60.000 71.000 71.000 71.000 71.000 71.000 67.000 0.000 63.000 63.000 63.000 63.000 70.000 70.000 70.000 64.000 64.000 71.000 64.000 64.000 68.000 71.000 68.000 68.000 70.000 61.000 62.000 62.000 62.000 62.000 72.000 78.000 78.000 78.000 76.000 76.000
VBdist TRAV8-1*01 69.000 69.000 65.000 75.000 76.000 60.000 68.000 68.000 62.000 62.000 66.000 65.000 65.000 70.000 70.000 70.000 70.000 70.000 64.000 64.000 64.000 64.000 60.000 60.000 63.000 60.000 66.000 66.000 65.000 65.000 65.000 65.000 64.000 64.000 67.000 72.000 72.000 72.000 72.000 79.000 79.000 65.000 77.000 77.000 77.000 72.000 72.000 67.000 67.000 67.000 68.000 68.000 42.000 70.000 70.000 70.000 70.000 71.000 73.000 73.000 64.000 68.000 68.000 68.000 74.000 74.000 74.000 74.000 74.000 72.000 75.000 73.000 71.000 66.000 79.000 79.000 79.000 79.000 79.000 79.000 63.000 0.000 0.000 49.000 49.000 29.000 29.000 29.000 51.000 51.000 50.000 51.000 51.000 47.000 50.000 42.000 42.000 53.000 71.000 67.000 67.000 67.000 67.000 74.000 83.000 83.000 83.000 75.000 75.000
VBdist TRAV8-1*02 69.000 69.000 65.000 75.000 76.000 60.000 68.000 68.000 62.000 62.000 66.000 65.000 65.000 70.000 70.000 70.000 70.000 70.000 64.000 64.000 64.000 64.000 60.000 60.000 63.000 60.000 66.000 66.000 65.000 65.000 65.000 65.000 64.000 64.000 67.000 72.000 72.000 72.000 72.000 79.000 79.000 65.000 77.000 77.000 77.000 72.000 72.000 67.000 67.000 67.000 68.000 68.000 42.000 70.000 70.000 70.000 70.000 71.000 73.000 73.000 64.000 68.000 68.000 68.000 74.000 74.000 74.000 74.000 74.000 72.000 75.000 73.000 71.000 66.000 79.000 79.000 79.000 79.000 79.000 79.000 63.000 0.000 0.000 49.000 49.000 29.000 29.000 29.000 51.000 51.000 50.000 51.000 51.000 47.000 50.000 42.000 42.000 53.000 71.000 67.000 67.000 67.000 67.000 74.000 83.000 83.000 83.000 75.000 75.000
VBdist TRAV8-2*01 65.000 65.000 67.000 74.000 70.000 69.000 59.000 59.000 63.000 63.000 63.000 62.000 62.000 63.000 63.000 63.000 62.000 62.000 61.000 61.000 61.000 61.000 50.000 61.000 48.000 64.000 66.000 66.000 64.000 64.000 64.000 64.000 62.000 62.000 66.000 70.000 70.000 70.000 70.000 63.000 63.000 68.000 77.000 77.000 77.000 76.000 76.000 63.000 63.000 63.000 62.000 62.000 40.000 73.000 73.000 73.000 73.000 77.000 66.000 66.000 52.000 56.000 56.000 56.000 67.000 68.000 67.000 67.000 68.000 70.000 78.000 59.000 70.000 61.000 78.000 78.000 78.000 78.000 78.000 78.000 63.000 49.000 49.000 0.000 0.000 38.000 38.000 38.000 12.000 12.000 19.000 12.000 12.000 20.000 27.000 29.000 29.000 31.000 52.000 48.000 48.000 48.000 48.000 60.000 85.000 85.000 85.000 69.000 69.000
VBdist TRAV8-2*02 65.000 65.000 67.000 74.000 70.000 69.000 59.000 59.000 63.000 63.000 63.000 62.000 62.000 63.000 63.000 63.000 62.000 62.000 61.000 61.000 61.000 61.000 50.000 61.000 48.000 64.000 66.000 66.000 64.000 64.000 64.000 64.000 62.000 62.000 66.000 70.000 70.000 70.000 70.000 63.000 63.000 68.000 77.000 77.000 77.000 76.000 76.000 63.000 63.000 63.000 62.000 62.000 40.000 73.000 73.000 73.000 73.000 77.000 66.000 66.000 52.000 56.000 56.000 56.000 67.000 68.000 67.000 67.000 68.000 70.000 78.000 59.000 70.000 61.000 78.000 78.000 78.000 78.000 78.000 78.000 63.000 49.000 49.000 0.000 0.000 38.000 38.000 38.000 12.000 12.000 19.000 12.000 12.000 20.000 27.000 29.000 29.000 31.000 52.000 48.000 48.000 48.000 48.000 60.000 85.000 85.000 85.000 69.000 69.000
VBdist TRAV8-3*01 67.000 67.000 70.000 79.000 80.000 73.000 62.000 62.000 69.000 69.000 69.000 58.000 58.000 64.000 64.000 64.000 64.000 64.000 66.000 66.000 66.000 66.000 60.000 67.000 62.000 53.000 71.000 71.000 71.000 71.000 71.000 71.000 66.000 66.000 73.000 66.000 66.000 66.000 66.000 78.000 78.000 73.000 74.000 74.000 74.000 69.000 69.000 69.000 69.000 69.000 66.000 66.000 36.000 75.000 75.000 75.000 75.000 75.000 74.000 74.000 66.000 70.000 70.000 70.000 71.000 71.000 71.000 71.000 71.000 71.000 68.000 69.000 70.000 63.000 74.000 74.000 74.000 74.000 74.000 73.000 70.000 29.000 29.000 38.000 38.000 0.000 0.000 0.000 35.000 35.000 34.000 35.000 35.000 35.000 34.000 36.000 36.000 46.000 67.000 67.000 67.000 67.000 67.000 68.000 77.000 77.000 77.000 73.000 73.000
VBdist TRAV8-3*02 67.000 67.000 70.000 79.000 80.000 73.000 62.000 62.000 69.000 69.000 69.000 58.000 58.000 64.000 64.000 64.000 64.000 64.000 66.000 66.000 66.000 66.000 60.000 67.000 62.000 53.000 71.000 71.000 71.000 71.000 71.000 71.000 66.000 66.000 73.000 66.000 66.000 66.000 66.000 78.000 78.000 73.000 74.000 74.000 74.000 69.000 69.000 69.000 69.000 69.000 66.000 66.000 36.000 75.000 75.000 75.000 75.000 75.000 74.000 74.000 66.000 70.000 70.000 70.000 71.000 71.000 71.000 71.000 71.000 71.000 68.000 69.000 70.000 63.000 74.000 74.000 74.000 74.000 74.000 73.000 70.000 29.000 29.000 38.000 38.000 0.000 0.000 0.000 35.000 35.000 34.000 35.000 35.000 35.000 34.000 36.000 36.000 46.000 67.000 67.000 67.000 67.000 67.000 68.000 77.000 77.000 77.000 73.000 73.000
VBdist TRAV8-3*03 67.000 67.000 70.000 79.000 80.000 73.000 62.000 62.000 69.000 69.000 69.000 58.000 58.000 64.000 64.000 64.000 64.000 64.000 66.000 66.000 66.000 66.000 60.000 67.000 62.000 53.000 71.000 71.000 71.000 71.000 71.000 71.000 66.000 66.000 73.000 66.000 66.000 66.000 66.000 78.000 78.000 73.000 74.000 74.000 74.000 69.000 69.000 69.000 69.000 69.000 66.000 66.000 36.000 75.000 75.000 75.000 75.000 75.000 74.000 74.000 66.000 70.000 70.000 70.000 71.000 71.000 71.000 71.000 71.000 71.000 68.000 69.000 70.000 63.000 74.000 74.000 74.000 74.000 74.000 73.000 70.000 29.000 29.000 38.000 38.000 0.000 0.000 0.000 35.000 35.000 34.000 35.000 35.000 35.000 34.000 36.000 36.000 46.000 67.000 67.000 67.000 67.000 67.000 68.000 77.000 77.000 77.000 73.000 73.000
VBdist TRAV8-4*01 65.000 65.000 67.000 74.000 71.000 70.000 67.000 67.000 71.000 71.000 67.000 58.000 58.000 63.000 63.000 63.000 62.000 62.000 65.000 65.000 65.000 65.000 54.000 59.000 53.000 61.000 68.000 68.000 64.000 64.000 64.000 64.000 63.000 63.000 63.000 66.000 66.000 66.000 66.000 64.000 64.000 68.000 74.000 74.000 74.000 73.000 73.000 70.000 70.000 70.000 57.000 57.000 37.000 76.000 76.000 76.000 76.000 76.000 70.000 70.000 56.000 60.000 60.000 60.000 64.000 64.000 64.000 64.000 64.000 70.000 75.000 60.000 68.000 61.000 70.000 70.000 70.000 70.000 70.000 70.000 64.000 51.000 51.000 12.000 12.000 35.000 35.000 35.000 0.000 0.000 7.000 0.000 0.000 16.000 23.000 25.000 25.000 35.000 56.000 52.000 52.000 52.000 52.000 62.000 82.000 82.000 82.000 74.000 74.000
VBdist TRAV8-4*02 65.000 65.000 67.000 74.000 71.000 70.000 67.000 67.000 71.000 71.000 67.000 58.000 58.000 63.000 63.000 63.000 62.000 62.000 65.000 65.000 65.000 65.000 54.000 59.000 53.000 61.000 68.000 68.000 64.000 64.000 64.000 64.000 63.000 63.000 63.000 66.000 66.000 66.000 66.000 64.000 64.000 68.000 74.000 74.000 74.000 73.000 73.000 70.000 70.000 70.000 57.000 57.000 37.000 76.000 76.000 76.000 76.000 76.000 70.000 70.000 56.000 60.000 60.000 60.000 64.000 64.000 64.000 64.000 64.000 70.000 75.000 60.000 68.000 61.000 70.000 70.000 70.000 70.000 70.000 70.000 64.000 51.000 51.000 12.000 12.000 35.000 35.000 35.000 0.000 0.000 7.000 0.000 0.000 16.000 23.000 25.000 25.000 35.000 56.000 52.000 52.000 52.000 52.000 62.000 82.000 82.000 82.000 74.000 74.000
VBdist TRAV8-4*03 65.000 65.000 67.000 74.000 72.000 74.000 70.000 70.000 74.000 74.000 70.000 61.000 61.000 66.000 66.000 66.000 65.000 65.000 68.000 68.000 68.000 68.000 54.000 62.000 53.000 64.000 68.000 68.000 71.000 71.000 71.000 71.000 67.000 67.000 66.000 66.000 66.000 66.000 66.000 64.000 64.000 69.000 74.000 74.000 74.000 70.000 70.000 63.000 63.000 63.000 60.000 60.000 30.000 72.000 72.000 72.000 72.000 72.000 74.000 74.000 60.000 64.000 64.000 64.000 65.000 65.000 65.000 65.000 65.000 73.000 75.000 60.000 71.000 64.000 70.000 70.000 70.000 70.000 70.000 70.000 71.000 50.000 50.000 19.000 19.000 34.000 34.000 34.000 7.000 7.000 0.000 7.000 7.000 23.000 16.000 24.000 24.000 32.000 60.000 56.000 56.000 56.000 56.000 62.000 82.000 82.000 82.000 75.000 75.000
VBdist TRAV8-4*04 65.000 65.000 67.000 74.000 71.000 70.000 67.000 67.000 71.000 71.000 67.000 58.000 58.000 63.000 63.000 63.000 62.000 62.000 65.000 65.000 65.000 65.000 54.000 59.000 53.000 61.000 68.000 68.000 64.000 64.000 64.000 64.000 63.000 63.000 63.000 66.000 66.000 66.000 66.000 64.000 64.000 68.000 74.000 74.000 74.000 73.000 73.000 70.000 70.000 70.000 57.000 57.000 37.000 76.000 76.000 76.000 76.000 76.000 70.000 70.000 56.000 60.000 60.000 60.000 64.000 64.000 64.000 64.000 64.000 70.000 75.000 60.000 68.000 61.000 70.000 70.000 70.000 70.000 70.000 70.000 64.000 51.000 51.000 12.000 12.000 35.000 35.000 35.000 0.000 0.000 7.000 0.000 0.000 16.000 23.000 25.000 25.000 35.000 56.000 52.000 52.000 52.000 52.000 62.000 82.000 82.000 82.000 74.000 74.000
VBdist TRAV8-4*05 65.000 65.000 67.000 74.000 71.000 70.000 67.000 67.000 71.000 71.000 67.000 58.000 58.000 63.000 63.000 63.000 62.000 62.000 65.000 65.000 65.000 65.000 54.000 59.000 53.000 61.000 68.000 68.000 64.000 64.000 64.000 64.000 63.000 63.000 63.000 66.000 66.000 66.000 66.000 64.000 64.000 68.000 74.000 74.000 74.000 73.000 73.000 70.000 70.000 70.000 57.000 57.000 37.000 76.000 76.000 76.000 76.000 76.000 70.000 70.000 56.000 60.000 60.000 60.000 64.000 64.000 64.000 64.000 64.000 70.000 75.000 60.000 68.000 61.000 70.000 70.000 70.000 70.000 70.000 70.000 64.000 51.000 51.000 12.000 12.000 35.000 35.000 35.000 0.000 0.000 7.000 0.000 0.000 16.000 23.000 25.000 25.000 35.000 56.000 52.000 52.000 52.000 52.000 62.000 82.000 82.000 82.000 74.000 74.000
VBdist TRAV8-4*06 70.000 70.000 72.000 79.000 75.000 70.000 72.000 72.000 71.000 71.000 71.000 67.000 67.000 71.000 71.000 71.000 71.000 71.000 70.000 70.000 70.000 70.000 54.000 67.000 64.000 66.000 72.000 72.000 68.000 68.000 68.000 68.000 67.000 67.000 71.000 72.000 72.000 72.000 72.000 72.000 72.000 71.000 79.000 79.000 79.000 78.000 78.000 74.000 74.000 74.000 67.000 67.000 45.000 78.000 78.000 78.000 78.000 78.000 74.000 74.000 57.000 61.000 61.000 61.000 73.000 73.000 73.000 73.000 73.000 72.000 80.000 65.000 71.000 69.000 75.000 75.000 75.000 75.000 75.000 75.000 68.000 47.000 47.000 20.000 20.000 35.000 35.000 35.000 16.000 16.000 23.000 16.000 16.000 0.000 27.000 41.000 41.000 35.000 58.000 54.000 54.000 54.000 54.000 71.000 86.000 86.000 86.000 75.000 75.000
VBdist TRAV8-4*07 70.000 70.000 72.000 79.000 72.000 74.000 75.000 75.000 74.000 74.000 74.000 66.000 66.000 70.000 70.000 70.000 70.000 70.000 73.000 73.000 73.000 73.000 58.000 66.000 61.000 65.000 68.000 68.000 71.000 71.000 71.000 71.000 71.000 71.000 70.000 68.000 68.000 68.000 68.000 72.000 72.000 68.000 75.000 75.000 75.000 71.000 71.000 63.000 63.000 63.000 66.000 66.000 30.000 70.000 70.000 70.000 70.000 70.000 74.000 74.000 57.000 64.000 61.000 61.000 70.000 70.000 70.000 70.000 70.000 71.000 76.000 65.000 66.000 68.000 75.000 75.000 75.000 75.000 75.000 75.000 71.000 50.000 50.000 27.000 27.000 34.000 34.000 34.000 23.000 23.000 16.000 23.000 23.000 27.000 0.000 36.000 36.000 36.000 62.000 58.000 58.000 58.000 58.000 67.000 78.000 78.000 78.000 76.000 76.000
VBdist TRAV8-6*01 66.000 66.000 65.000 73.000 75.000 71.000 59.000 59.000 63.000 63.000 59.000 57.000 57.000 55.000 55.000 55.000 54.000 54.000 61.000 61.000 61.000 61.000 50.000 58.000 52.000 61.000 69.000 69.000 68.000 68.000 68.000 68.000 63.000 63.000 65.000 62.000 62.000 62.000 62.000 66.000 66.000 68.000 68.000 68.000 68.000 67.000 67.000 64.000 64.000 64.000 54.000 54.000 28.000 64.000 64.000 64.000 64.000 71.000 73.000 73.000 62.000 66.000 66.000 66.000 64.000 65.000 64.000 64.000 65.000 65.000 73.000 72.000 67.000 55.000 73.000 73.000 73.000 73.000 73.000 73.000 68.000 42.000 42.000 29.000 29.000 36.000 36.000 36.000 25.000 25.000 24.000 25.000 25.000 41.000 36.000 0.000 0.000 44.000 64.000 66.000 66.000 66.000 66.000 62.000 80.000 80.000 80.000 75.000 75.000
VBdist TRAV8-6*02 66.000 66.000 65.000 73.000 75.000 71.000 59.000 59.000 63.000 63.000 59.000 57.000 57.000 55.000 55.000 55.000 54.000 54.000 61.000 61.000 61.000 61.000 50.000 58.000 52.000 61.000 69.000 69.000 68.000 68.000 68.000 68.000 63.000 63.000 65.000 62.000 62.000 62.000 62.000 66.000 66.000 68.000 68.000 68.000 68.000 67.000 67.000 64.000 64.000 64.000 54.000 54.000 28.000 64.000 64.000 64.000 64.000 71.000 73.000 73.000 62.000 66.000 66.000 66.000 64.000 65.000 64.000 64.000 65.000 65.000 73.000 72.000 67.000 55.000 73.000 73.000 73.000 73.000 73.000 73.000 68.000 42.000 42.000 29.000 29.000 36.000 36.000 36.000 25.000 25.000 24.000 25.000 25.000 41.000 36.000 0.000 0.000 44.000 64.000 66.000 66.000 66.000 66.000 62.000 80.000 80.000 80.000 75.000 75.000
VBdist TRAV8-7*01 61.000 61.000 62.000 69.000 75.000 71.000 67.000 67.000 66.000 66.000 70.000 66.000 66.000 70.000 70.000 70.000 70.000 70.000 65.000 65.000 65.000 65.000 46.000 64.000 57.000 65.000 67.000 67.000 64.000 64.000 64.000 64.000 62.000 62.000 69.000 69.000 69.000 69.000 69.000 71.000 71.000 67.000 75.000 75.000 75.000 71.000 71.000 64.000 64.000 64.000 67.000 67.000 40.000 67.000 67.000 67.000 67.000 75.000 75.000 75.000 62.000 66.000 66.000 66.000 66.000 66.000 66.000 66.000 66.000 70.000 80.000 63.000 74.000 68.000 78.000 78.000 78.000 78.000 78.000 78.000 70.000 53.000 53.000 31.000 31.000 46.000 46.000 46.000 35.000 35.000 32.000 35.000 35.000 35.000 36.000 44.000 44.000 0.000 55.000 53.000 53.000 53.000 53.000 67.000 84.000 84.000 84.000 76.000 76.000
VBdist TRAV9-1*01 64.000 64.000 64.000 66.000 63.000 65.000 67.000 67.000 63.000 63.000 63.000 66.000 66.000 70.000 70.000 70.000 63.000 63.000 70.000 70.000 70.000 70.000 56.000 65.000 58.000 66.000 68.000 68.000 64.000 64.000 64.000 64.000 67.000 67.000 74.000 64.000 64.000 64.000 64.000 64.000 64.000 57.000 62.000 62.000 62.000 67.000 67.000 68.000 68.000 68.000 60.000 60.000 58.000 61.000 61.000 61.000 61.000 63.000 64.000 64.000 54.000 58.000 58.000 58.000 68.000 68.000 68.000 68.000 68.000 65.000 66.000 58.000 69.000 66.000 74.000 74.000 74.000 74.000 74.000 74.000 61.000 71.000 71.000 52.000 52.000 67.000 67.000 67.000 56.000 56.000 60.000 56.000 56.000 58.000 62.000 64.000 64.000 55.000 0.000 15.000 15.000 15.000 15.000 65.000 84.000 84.000 84.000 69.000 69.000
VBdist TRAV9-2*01 61.000 61.000 62.000 64.000 57.000 65.000 68.000 68.000 62.000 62.000 66.000 67.000 67.000 70.000 70.000 70.000 63.000 63.000 74.000 72.000 74.000 72.000 53.000 67.000 60.000 68.000 67.000 67.000 60.000 60.000 60.000 60.000 67.000 67.000 74.000 64.000 64.000 64.000 64.000 60.000 60.000 62.000 68.000 68.000 68.000 73.000 73.000 69.000 69.000 69.000 59.000 59.000 58.000 63.000 63.000 63.000 63.000 63.000 64.000 64.000 50.000 54.000 54.000 54.000 74.000 74.000 74.000 74.000 74.000 71.000 66.000 50.000 68.000 66.000 72.000 72.000 72.000 72.000 72.000 72.000 62.000 67.000 67.000 48.000 48.000 67.000 67.000 67.000 52.000 52.000 56.000 52.000 52.000 54.000 58.000 66.000 66.000 53.000 15.000 0.000 0.000 0.000 0.000 69.000 84.000 84.000 84.000 73.000 73.000
VBdist TRAV9-2*02 61.000 61.000 62.000 64.000 57.000 65.000 68.000 68.000 62.000 62.000 66.000 67.000 67.000 70.000 70.000 70.000 63.000 63.000 74.000 72.000 74.000 72.000 53.000 67.000 60.000 68.000 67.000 67.000 60.000 60.000 60.000 60.000 67.000 67.000 74.000 64.000 64.000 64.000 64.000 60.000 60.000 62.000 68.000 68.000 68.000 73.000 73.000 69.000 69.000 69.000 59.000 59.000 58.000 63.000 63.000 63.000 63.000 63.000 64.000 64.000 50.000 54.000 54.000 54.000 74.000 74.000 74.000 74.000 74.000 71.000 66.000 50.000 68.000 66.000 72.000 72.000 72.000 72.000 72.000 72.000 62.000 67.000 67.000 48.000 48.000 67.000 67.000 67.000 52.000 52.000 56.000 52.000 52.000 54.000 58.000 66.000 66.000 53.000 15.000 0.000 0.000 0.000 0.000 69.000 84.000 84.000 84.000 73.000 73.000
VBdist TRAV9-2*03 61.000 61.000 62.000 64.000 57.000 65.000 68.000 68.000 62.000 62.000 66.000 67.000 67.000 70.000 70.000 70.000 63.000 63.000 74.000 72.000 74.000 72.000 53.000 67.000 60.000 68.000 67.000 67.000 60.000 60.000 60.000 60.000 67.000 67.000 74.000 64.000 64.000 64.000 64.000 60.000 60.000 62.000 68.000 68.000 68.000 73.000 73.000 69.000 69.000 69.000 59.000 59.000 58.000 63.000 63.000 63.000 63.000 63.000 64.000 64.000 50.000 54.000 54.000 54.000 74.000 74.000 74.000 74.000 74.000 71.000 66.000 50.000 68.000 66.000 72.000 72.000 72.000 72.000 72.000 72.000 62.000 67.000 67.000 48.000 48.000 67.000 67.000 67.000 52.000 52.000 56.000 52.000 52.000 54.000 58.000 66.000 66.000 53.000 15.000 0.000 0.000 0.000 0.000 69.000 84.000 84.000 84.000 73.000 73.000
VBdist TRAV9-2*04 61.000 61.000 62.000 64.000 57.000 65.000 68.000 68.000 62.000 62.000 66.000 67.000 67.000 70.000 70.000 70.000 63.000 63.000 74.000 72.000 74.000 72.000 53.000 67.000 60.000 68.000 67.000 67.000 60.000 60.000 60.000 60.000 67.000 67.000 74.000 64.000 64.000 64.000 64.000 60.000 60.000 62.000 68.000 68.000 68.000 73.000 73.000 69.000 69.000 69.000 59.000 59.000 58.000 63.000 63.000 63.000 63.000 63.000 64.000 64.000 50.000 54.000 54.000 54.000 74.000 74.000 74.000 74.000 74.000 71.000 66.000 50.000 68.000 66.000 72.000 72.000 72.000 72.000 72.000 72.000 62.000 67.000 67.000 48.000 48.000 67.000 67.000 67.000 52.000 52.000 56.000 52.000 52.000 54.000 58.000 66.000 66.000 53.000 15.000 0.000 0.000 0.000 0.000 69.000 84.000 84.000 84.000 73.000 73.000
VBdist TRDV1*01 61.000 57.000 65.000 68.000 71.000 73.000 59.000 59.000 62.000 62.000 62.000 57.000 57.000 56.000 56.000 56.000 60.000 60.000 42.000 42.000 42.000 42.000 52.000 63.000 53.000 59.000 52.000 52.000 68.000 68.000 68.000 68.000 66.000 66.000 65.000 62.000 62.000 62.000 62.000 71.000 71.000 65.000 53.000 53.000 53.000 53.000 53.000 70.000 70.000 70.000 59.000 59.000 66.000 73.000 73.000 72.000 73.000 73.000 74.000 74.000 71.000 75.000 75.000 75.000 41.000 42.000 41.000 41.000 42.000 69.000 59.000 55.000 68.000 60.000 72.000 72.000 72.000 72.000 72.000 76.000 72.000 74.000 74.000 60.000 60.000 68.000 68.000 68.000 62.000 62.000 62.000 62.000 62.000 71.000 67.000 62.000 62.000 67.000 65.000 69.000 69.000 69.000 69.000 0.000 53.000 53.000 53.000 60.000 60.000
VBdist TRDV2*01 74.000 74.000 75.000 80.000 80.000 74.000 69.000 69.000 70.000 70.000 70.000 66.000 66.000 70.000 70.000 70.000 72.000 72.000 74.000 74.000 74.000 74.000 69.000 71.000 72.000 77.000 66.000 66.000 82.000 82.000 82.000 82.000 68.000 68.000 75.000 70.000 70.000 70.000 70.000 76.000 76.000 76.000 64.000 64.000 64.000 68.000 68.000 78.000 78.000 78.000 78.000 78.000 77.000 75.000 75.000 75.000 75.000 69.000 78.000 78.000 77.000 77.000 77.000 77.000 68.000 71.000 68.000 68.000 71.000 75.000 62.000 66.000 70.000 77.000 71.000 71.000 71.000 71.000 71.000 67.000 78.000 83.000 83.000 85.000 85.000 77.000 77.000 77.000 82.000 82.000 82.000 82.000 82.000 86.000 78.000 80.000 80.000 84.000 84.000 84.000 84.000 84.000 84.000 53.000 0.000 0.000 0.000 69.000 69.000
VBdist TRDV2*02 74.000 74.000 75.000 80.000 80.000 74.000 69.000 69.000 70.000 70.000 70.000 66.000 66.000 70.000 70.000 70.000 72.000 72.000 74.000 74.000 74.000 74.000 69.000 71.000 72.000 77.000 66.000 66.000 82.000 82.000 82.000 82.000 68.000 68.000 75.000 70.000 70.000 70.000 70.000 76.000 76.000 76.000 64.000 64.000 64.000 68.000 68.000 78.000 78.000 78.000 78.000 78.000 77.000 75.000 75.000 75.000 75.000 69.000 78.000 78.000 77.000 77.000 77.000 77.000 68.000 71.000 68.000 68.000 71.000 75.000 62.000 66.000 70.000 77.000 71.000 71.000 71.000 71.000 71.000 67.000 78.000 83.000 83.000 85.000 85.000 77.000 77.000 77.000 82.000 82.000 82.000 82.000 82.000 86.000 78.000 80.000 80.000 84.000 84.000 84.000 84.000 84.000 84.000 53.000 0.000 0.000 0.000 69.000 69.000
VBdist TRDV2*03 74.000 74.000 75.000 80.000 80.000 74.000 69.000 69.000 70.000 70.000 70.000 66.000 66.000 70.000 70.000 70.000 72.000 72.000 74.000 74.000 74.000 74.000 69.000 71.000 72.000 77.000 66.000 66.000 82.000 82.000 82.000 82.000 68.000 68.000 75.000 70.000 70.000 70.000 70.000 76.000 76.000 76.000 64.000 64.000 64.000 68.000 68.000 78.000 78.000 78.000 78.000 78.000 77.000 75.000 75.000 75.000 75.000 69.000 78.000 78.000 77.000 77.000 77.000 77.000 68.000 71.000 68.000 68.000 71.000 75.000 62.000 66.000 70.000 77.000 71.000 71.000 71.000 71.000 71.000 67.000 78.000 83.000 83.000 85.000 85.000 77.000 77.000 77.000 82.000 82.000 82.000 82.000 82.000 86.000 78.000 80.000 80.000 84.000 84.000 84.000 84.000 84.000 84.000 53.000 0.000 0.000 0.000 69.000 69.000
VBdist TRDV3*01 71.000 71.000 70.000 72.000 74.000 77.000 73.000 73.000 73.000 73.000 73.000 70.000 70.000 70.000 70.000 70.000 68.000 68.000 72.000 72.000 72.000 72.000 54.000 67.000 64.000 75.000 66.000 66.000 75.000 75.000 75.000 75.000 77.000 77.000 59.000 71.000 71.000 71.000 71.000 77.000 77.000 70.000 50.000 50.000 50.000 51.000 51.000 67.000 67.000 67.000 72.000 72.000 70.000 77.000 77.000 76.000 77.000 78.000 62.000 62.000 76.000 77.000 77.000 77.000 68.000 71.000 65.000 68.000 68.000 72.000 51.000 63.000 61.000 74.000 72.000 72.000 72.000 72.000 72.000 76.000 76.000 75.000 75.000 69.000 69.000 73.000 73.000 73.000 74.000 74.000 75.000 74.000 74.000 75.000 76.000 75.000 75.000 76.000 69.000 73.000 73.000 73.000 73.000 60.000 69.000 69.000 69.000 0.000 0.000
VBdist TRDV3*02 71.000 71.000 70.000 72.000 74.000 77.000 73.000 73.000 73.000 73.000 73.000 70.000 70.000 70.000 70.000 70.000 68.000 68.000 72.000 72.000 72.000 72.000 54.000 67.000 64.000 75.000 66.000 66.000 75.000 75.000 75.000 75.000 77.000 77.000 59.000 71.000 71.000 71.000 71.000 77.000 77.000 70.000 50.000 50.000 50.000 51.000 51.000 67.000 67.000 67.000 72.000 72.000 70.000 77.000 77.000 76.000 77.000 78.000 62.000 62.000 76.000 77.000 77.000 77.000 68.000 71.000 65.000 68.000 68.000 72.000 51.000 63.000 61.000 74.000 72.000 72.000 72.000 72.000 72.000 76.000 76.000 75.000 75.000 69.000 69.000 73.000 73.000 73.000 74.000 74.000 75.000 74.000 74.000 75.000 76.000 75.000 75.000 76.000 69.000 73.000 73.000 73.000 73.000 60.000 69.000 69.000 69.000 0.000 0.000
