AAdist A 0.000 4.000 4.000 4.000 4.000 4.000 4.000 4.000 4.000 4.000 4.000 4.000 4.000 4.000 4.000 3.000 4.000 4.000 4.000 4.000
AAdist C 4.000 0.000 4.000 4.000 4.000 4.000 4.000 4.000 4.000 4.000 4.000 4.000 4.000 4.000 4.000 4.000 4.000 4.000 4.000 4.000
AAdist D 4.000 4.000 0.000 2.000 4.000 4.000 4.000 4.000 4.000 4.000 4.000 3.000 4.000 4.000 4.000 4.000 4.000 4.000 4.000 4.000
AAdist E 4.000 4.000 2.000 0.000 4.000 4.000 4.000 4.000 3.000 4.000 4.000 4.000 4.000 2.000 4.000 4.000 4.000 4.000 4.000 4.000
AAdist F 4.000 4.000 4.000 4.000 0.000 4.000 4.000 4.000 4.000 4.000 4.000 4.000 4.000 4.000 4.000 4.000 4.000 4.000 3.000 1.000
AAdist G 4.000 4.000 4.000 4.000 4.000 0.000 4.000 4.000 4.000 4.000 4.000 4.000 4.000 4.000 4.000 4.000 4.000 4.000 4.000 4.000
AAdist H 4.000 4.000 4.000 4.000 4.000 4.000 0.000 4.000 4.000 4.000 4.000 3.000 4.000 4.000 4.000 4.000 4.000 4.000 4.000 2.000
AAdist I 4.000 4.000 4.000 4.000 4.000 4.000 4.000 0.000 4.000 2.000 3.000 4.000 4.000 4.000 4.000 4.000 4.000 1.000 4.000 4.000
AAdist K 4.000 4.000 4.000 3.000 4.000 4.000 4.000 4.000 0.000 4.000 4.000 4.000 4.000 3.000 2.000 4.000 4.000 4.000 4.000 4.000
AAdist L 4.000 4.000 4.000 4.000 4.000 4.000 4.000 2.000 4.000 0.000 2.000 4.000 4.000 4.000 4.000 4.000 4.000 3.000 4.000 4.000
AAdist M 4.000 4.000 4.000 4.000 4.000 4.000 4.000 3.000 4.000 2.000 0.000 4.000 4.000 4.000 4.000 4.000 4.000 3.000 4.000 4.000
AAdist N 4.000 4.000 3.000 4.000 4.000 4.000 3.000 4.000 4.000 4.000 4.000 0.000 4.000 4.000 4.000 3.000 4.000 4.000 4.000 4.000
AAdist P 4.000 4.000 4.000 4.000 4.000 4.000 4.000 4.000 4.000 4.000 4.000 4.000 0.000 4.000 4.000 4.000 4.000 4.000 4.000 4.000
AAdist Q 4.000 4.000 4.000 2.000 4.000 4.000 4.000 4.000 3.000 4.000 4.000 4.000 4.000 0.000 3.000 4.000 4.000 4.000 4.000 4.000
AAdist R 4.000 4.000 4.000 4.000 4.000 4.000 4.000 4.000 2.000 4.000 4.000 4.000 4.000 3.000 0.000 4.000 4.000 4.000 4.000 4.000
AAdist S 3.000 4.000 4.000 4.000 4.000 4.000 4.000 4.000 4.000 4.000 4.000 3.000 4.000 4.000 4.000 0.000 3.000 4.000 4.000 4.000
AAdist T 4.000 4.000 4.000 4.000 4.000 4.000 4.000 4.000 4.000 4.000 4.000 4.000 4.000 4.000 4.000 3.000 0.000 4.000 4.000 4.000
AAdist V 4.000 4.000 4.000 4.000 4.000 4.000 4.000 1.000 4.000 3.000 3.000 4.000 4.000 4.000 4.000 4.000 4.000 0.000 4.000 4.000
AAdist W 4.000 4.000 4.000 4.000 3.000 4.000 4.000 4.000 4.000 4.000 4.000 4.000 4.000 4.000 4.000 4.000 4.000 4.000 0.000 2.000
AAdist Y 4.000 4.000 4.000 4.000 1.000 4.000 2.000 4.000 4.000 4.000 4.000 4.000 4.000 4.000 4.000 4.000 4.000 4.000 2.000 0.000
num_VA_genes 0
num_VB_genes 0
